Fittest 0
x: [1.74,-1.74,3.0,-3.0,3.14,-3.14,.0,.42,-.42,.15,-.15,];
y: [-1.74,-1.74,-.17,-.17,-.08,-.08,.0,-1.14,-1.14,1.7,1.7,];
27.04
Fittest 1
x: [1.74,-1.74,3.0,-3.0,3.14,-3.14,.0,.42,-.42,.15,-.15,];
y: [-1.74,-1.74,-.17,-.17,-.08,-.08,.0,-1.14,-1.14,1.7,1.7,];
27.04
Fittest 2
x: [1.74,-1.74,3.0,-3.0,3.14,-3.14,.0,.42,-.42,.15,-.15,];
y: [-1.74,-1.74,-.17,-.17,-.08,-.08,.0,-1.14,-1.14,1.7,1.7,];
27.04
Fittest 3
x: [1.87,-1.87,1.98,-1.98,-.34,.34,.0,1.38,-1.38,.5,-.5,];
y: [-1.07,-1.07,-1.35,-1.35,3.4,3.4,.0,-.12,-.12,1.88,1.88,];
26.86
Fittest 4
x: [.15,-.15,-.44,.44,.52,-.52,.0,2.97,-2.97,3.07,-3.07,];
y: [-1.07,-1.07,-1.2,-1.2,1.65,1.65,1.75,-.36,-.36,.38,.38,];
26.8
Fittest 5
x: [.15,-.15,-.44,.44,.69,-.69,.0,2.97,-2.97,3.07,-3.07,];
y: [-1.07,-1.07,-1.2,-1.2,1.54,1.54,1.75,-.36,-.36,.38,.38,];
26.67
Fittest 6
x: [3.24,-3.24,3.0,-3.0,3.14,-3.14,.0,.42,-.42,.15,-.15,];
y: [-.1,-.1,-.17,-.17,-.08,-.08,.0,-1.14,-1.14,1.7,1.7,];
26.15
Fittest 7
x: [3.24,-3.24,3.0,-3.0,3.14,-3.14,.0,.42,-.42,.15,-.15,];
y: [-.1,-.1,-.17,-.17,-.08,-.08,.0,-1.14,-1.14,1.7,1.7,];
26.15
Fittest 8
x: [3.24,-3.24,3.0,-3.0,3.14,-3.14,.0,.42,-.42,.15,-.15,];
y: [-.1,-.1,-.17,-.17,-.08,-.08,.0,-1.14,-1.14,1.7,1.7,];
26.15
Fittest 9
x: [3.24,-3.24,3.0,-3.0,3.14,-3.14,.0,.42,-.42,.15,-.15,];
y: [-.1,-.1,-.17,-.17,-.08,-.08,.0,-1.14,-1.14,1.7,1.7,];
26.15
Fittest 10
x: [3.24,-3.24,3.0,-3.0,3.14,-3.14,.0,.42,-.42,-.26,.26,];
y: [-.1,-.1,-.17,-.17,-.08,-.08,.0,-1.14,-1.14,1.83,1.83,];
26.11
Fittest 11
x: [3.24,-3.24,3.0,-3.0,3.14,-3.14,.0,.42,-.42,-.26,.26,];
y: [-.1,-.1,-.17,-.17,-.08,-.08,.0,-1.14,-1.14,1.83,1.83,];
26.11
Fittest 12
x: [3.02,-3.02,3.0,-3.0,3.14,-3.14,.0,.56,-.56,.15,-.15,];
y: [.19,.19,-.17,-.17,-.08,-.08,.0,-1.51,-1.51,1.7,1.7,];
26.09
Fittest 13
x: [3.24,-3.24,3.0,-3.0,3.14,-3.14,.0,-.12,.12,.15,-.15,];
y: [-.1,-.1,-.17,-.17,-.08,-.08,.0,-1.34,-1.34,1.7,1.7,];
26.09
Fittest 14
x: [3.24,-3.24,3.0,-3.0,3.14,-3.14,.0,-.12,.12,.15,-.15,];
y: [-.1,-.1,-.17,-.17,-.08,-.08,.0,-1.34,-1.34,1.7,1.7,];
26.09
Fittest 15
x: [3.24,-3.24,3.0,-3.0,3.14,-3.14,.0,-.12,.12,.15,-.15,];
y: [-.1,-.1,-.17,-.17,-.08,-.08,.0,-1.34,-1.34,1.7,1.7,];
26.09
Fittest 16
x: [3.02,-3.02,3.0,-3.0,3.14,-3.14,.0,.56,-.56,.15,-.15,];
y: [.19,.19,-.17,-.17,-.08,-.08,1.95,-1.51,-1.51,1.7,1.7,];
26.06
Fittest 17
x: [3.02,-3.02,3.0,-3.0,3.14,-3.14,.0,.56,-.56,.15,-.15,];
y: [.19,.19,-.17,-.17,-.08,-.08,1.95,-1.51,-1.51,1.7,1.7,];
26.06
Fittest 18
x: [3.02,-3.02,3.0,-3.0,3.14,-3.14,.0,.56,-.56,.15,-.15,];
y: [.19,.19,-.17,-.17,-.08,-.08,1.95,-1.51,-1.51,1.7,1.7,];
26.06
Fittest 19
x: [3.24,-3.24,3.0,-3.0,3.14,-3.14,.0,.23,-.23,.15,-.15,];
y: [-.1,-.1,-.17,-.17,-.08,-.08,.0,-1.45,-1.45,1.7,1.7,];
26.04
Fittest 20
x: [3.24,-3.24,3.0,-3.0,3.14,-3.14,.0,.23,-.23,.15,-.15,];
y: [-.1,-.1,-.17,-.17,-.08,-.08,.0,-1.55,-1.55,1.7,1.7,];
26.03
Fittest 21
x: [3.24,-3.24,3.0,-3.0,3.14,-3.14,.0,.23,-.23,.15,-.15,];
y: [-.1,-.1,-.17,-.17,-.08,-.08,.0,-1.55,-1.55,1.7,1.7,];
26.03
Fittest 22
x: [3.23,-3.23,3.0,-3.0,3.14,-3.14,.0,.56,-.56,.15,-.15,];
y: [-.36,-.36,-.17,-.17,-.08,-.08,1.95,-1.51,-1.51,1.7,1.7,];
26.0
Fittest 23
x: [3.23,-3.23,3.0,-3.0,3.14,-3.14,.0,.56,-.56,.15,-.15,];
y: [-.36,-.36,-.17,-.17,-.08,-.08,1.95,-1.51,-1.51,1.7,1.7,];
26.0
Fittest 24
x: [3.23,-3.23,3.0,-3.0,3.14,-3.14,.0,.56,-.56,.15,-.15,];
y: [-.36,-.36,-.17,-.17,-.08,-.08,1.95,-1.51,-1.51,1.7,1.7,];
26.0
Fittest 25
x: [3.23,-3.23,3.0,-3.0,3.14,-3.14,.0,.56,-.56,.15,-.15,];
y: [-.36,-.36,-.17,-.17,-.08,-.08,1.95,-1.51,-1.51,1.7,1.7,];
26.0
Fittest 26
x: [3.23,-3.23,3.0,-3.0,3.14,-3.14,.0,.56,-.56,.15,-.15,];
y: [-.36,-.36,-.17,-.17,-.08,-.08,1.95,-1.51,-1.51,1.7,1.7,];
26.0
Fittest 27
x: [3.23,-3.23,3.0,-3.0,3.14,-3.14,.0,.56,-.56,.15,-.15,];
y: [-.36,-.36,-.17,-.17,-.08,-.08,1.95,-1.51,-1.51,1.7,1.7,];
26.0
Fittest 28
x: [3.23,-3.23,3.0,-3.0,3.14,-3.14,.0,.56,-.56,.15,-.15,];
y: [-.36,-.36,-.17,-.17,-.08,-.08,2.08,-1.51,-1.51,1.7,1.7,];
26.0
Fittest 29
x: [3.23,-3.23,3.0,-3.0,3.14,-3.14,.0,.56,-.56,.15,-.15,];
y: [-.36,-.36,-.17,-.17,-.08,-.08,2.08,-1.51,-1.51,1.7,1.7,];
26.0
Fittest 30
x: [3.23,-3.23,3.0,-3.0,3.14,-3.14,.0,.56,-.56,.15,-.15,];
y: [-.36,-.36,-.17,-.17,-.08,-.08,2.22,-1.51,-1.51,1.7,1.7,];
25.99
Fittest 31
x: [3.24,-3.24,3.0,-3.0,3.37,-3.37,.0,.23,-.23,.15,-.15,];
y: [-.1,-.1,-.17,-.17,-.07,-.07,-.32,-1.45,-1.45,1.7,1.7,];
25.98
Fittest 32
x: [3.24,-3.24,3.0,-3.0,3.37,-3.37,.0,.23,-.23,.15,-.15,];
y: [-.1,-.1,-.17,-.17,-.07,-.07,-.32,-1.45,-1.45,1.7,1.7,];
25.98
Fittest 33
x: [3.24,-3.24,3.0,-3.0,3.37,-3.37,.0,.23,-.23,.15,-.15,];
y: [-.1,-.1,-.17,-.17,-.07,-.07,-.32,-1.45,-1.45,1.7,1.7,];
25.98
Fittest 34
x: [3.24,-3.24,3.0,-3.0,3.37,-3.37,.0,.23,-.23,.15,-.15,];
y: [-.1,-.1,-.17,-.17,-.07,-.07,-.32,-1.45,-1.45,1.7,1.7,];
25.98
Fittest 35
x: [3.24,-3.24,3.0,-3.0,3.37,-3.37,.0,.23,-.23,.15,-.15,];
y: [-.1,-.1,-.17,-.17,-.07,-.07,-.32,-1.45,-1.45,1.7,1.7,];
25.98
Fittest 36
x: [3.24,-3.24,3.0,-3.0,3.37,-3.37,.0,.23,-.23,.15,-.15,];
y: [-.1,-.1,-.17,-.17,-.07,-.07,-.52,-1.45,-1.45,1.7,1.7,];
25.98
Fittest 37
x: [3.24,-3.24,3.0,-3.0,3.37,-3.37,.0,.23,-.23,.15,-.15,];
y: [-.1,-.1,-.17,-.17,-.07,-.07,-.52,-1.45,-1.45,1.7,1.7,];
25.98
Fittest 38
x: [3.24,-3.24,3.28,-3.28,3.37,-3.37,.0,.23,-.23,.15,-.15,];
y: [-.1,-.1,.25,.25,-.07,-.07,-.32,-1.45,-1.45,1.7,1.7,];
25.95
Fittest 39
x: [3.24,-3.24,3.28,-3.28,3.37,-3.37,.0,.23,-.23,.15,-.15,];
y: [-.1,-.1,.25,.25,-.07,-.07,-.32,-1.45,-1.45,1.7,1.7,];
25.95
Fittest 40
x: [3.24,-3.24,3.28,-3.28,3.37,-3.37,.0,.23,-.23,.15,-.15,];
y: [-.1,-.1,.25,.25,-.07,-.07,-.32,-1.45,-1.45,1.7,1.7,];
25.95
Fittest 41
x: [3.24,-3.24,3.2,-3.2,3.37,-3.37,.0,.23,-.23,.15,-.15,];
y: [-.1,-.1,-.14,-.14,-.07,-.07,-.32,-1.45,-1.45,1.7,1.7,];
25.93
Fittest 42
x: [3.24,-3.24,3.2,-3.2,3.37,-3.37,.0,.23,-.23,.15,-.15,];
y: [-.1,-.1,-.14,-.14,-.07,-.07,-.32,-1.45,-1.45,1.7,1.7,];
25.93
Fittest 43
x: [3.24,-3.24,3.2,-3.2,3.37,-3.37,.0,.23,-.23,.15,-.15,];
y: [-.1,-.1,-.14,-.14,-.07,-.07,-.32,-1.45,-1.45,1.7,1.7,];
25.93
Fittest 44
x: [3.24,-3.24,3.36,-3.36,3.37,-3.37,.0,.23,-.23,.15,-.15,];
y: [-.1,-.1,.14,.14,-.07,-.07,-.32,-1.45,-1.45,1.7,1.7,];
25.91
Fittest 45
x: [3.24,-3.24,3.37,-3.37,3.37,-3.37,.0,.23,-.23,.15,-.15,];
y: [-.1,-.1,.11,.11,-.07,-.07,-.32,-1.45,-1.45,1.7,1.7,];
25.9
Fittest 46
x: [3.24,-3.24,3.37,-3.37,3.37,-3.37,.0,.23,-.23,.15,-.15,];
y: [-.1,-.1,.11,.11,-.07,-.07,-.32,-1.45,-1.45,1.7,1.7,];
25.9
Fittest 47
x: [3.24,-3.24,3.37,-3.37,3.37,-3.37,.0,.23,-.23,.15,-.15,];
y: [-.1,-.1,.11,.11,-.07,-.07,-.32,-1.45,-1.45,1.7,1.7,];
25.9
Fittest 48
x: [3.24,-3.24,3.33,-3.33,3.37,-3.37,.0,.23,-.23,.15,-.15,];
y: [-.1,-.1,-.02,-.02,-.07,-.07,-.32,-1.45,-1.45,1.7,1.7,];
25.9
Fittest 49
x: [3.24,-3.24,3.33,-3.33,3.37,-3.37,.0,.23,-.23,.15,-.15,];
y: [-.1,-.1,-.02,-.02,-.07,-.07,-.32,-1.45,-1.45,1.7,1.7,];
25.9
Fittest 50
x: [3.24,-3.24,3.33,-3.33,3.37,-3.37,.0,.23,-.23,.15,-.15,];
y: [-.1,-.1,-.02,-.02,-.07,-.07,-.32,-1.45,-1.45,1.7,1.7,];
25.9
Fittest 51
x: [3.24,-3.24,3.33,-3.33,3.37,-3.37,.0,.23,-.23,.15,-.15,];
y: [-.1,-.1,-.02,-.02,-.07,-.07,-.32,-1.45,-1.45,1.7,1.7,];
25.9
Fittest 52
x: [3.24,-3.24,3.33,-3.33,3.37,-3.37,.0,.23,-.23,.15,-.15,];
y: [-.1,-.1,-.02,-.02,-.07,-.07,-.32,-1.45,-1.45,1.7,1.7,];
25.9
Fittest 53
x: [3.24,-3.24,3.33,-3.33,3.37,-3.37,.0,.23,-.23,.15,-.15,];
y: [-.1,-.1,-.02,-.02,-.07,-.07,-.32,-1.45,-1.45,1.7,1.7,];
25.9
Fittest 54
x: [3.24,-3.24,3.33,-3.33,3.37,-3.37,.0,.23,-.23,.15,-.15,];
y: [-.1,-.1,-.02,-.02,-.07,-.07,-.32,-1.45,-1.45,1.7,1.7,];
25.9
Fittest 55
x: [3.24,-3.24,3.33,-3.33,3.37,-3.37,.0,.23,-.23,.15,-.15,];
y: [-.1,-.1,-.02,-.02,-.07,-.07,-.32,-1.45,-1.45,1.7,1.7,];
25.9
Fittest 56
x: [3.24,-3.24,3.33,-3.33,3.37,-3.37,.0,.23,-.23,.15,-.15,];
y: [-.1,-.1,-.02,-.02,-.07,-.07,-.32,-1.45,-1.45,1.7,1.7,];
25.9
Fittest 57
x: [3.24,-3.24,3.33,-3.33,3.37,-3.37,.0,.23,-.23,.15,-.15,];
y: [-.1,-.1,-.02,-.02,-.07,-.07,-.54,-1.45,-1.45,1.7,1.7,];
25.9
Fittest 58
x: [3.24,-3.24,3.33,-3.33,3.37,-3.37,.0,.23,-.23,.15,-.15,];
y: [-.1,-.1,-.02,-.02,-.07,-.07,-.54,-1.45,-1.45,1.7,1.7,];
25.9
Fittest 59
x: [3.24,-3.24,3.33,-3.33,3.37,-3.37,.0,.23,-.23,.15,-.15,];
y: [-.1,-.1,-.02,-.02,-.07,-.07,-.49,-1.45,-1.45,1.7,1.7,];
25.9
Fittest 60
x: [3.24,-3.24,3.33,-3.33,3.37,-3.37,.0,.23,-.23,.15,-.15,];
y: [-.1,-.1,-.02,-.02,-.07,-.07,-.49,-1.45,-1.45,1.7,1.7,];
25.9
Fittest 61
x: [3.24,-3.24,3.33,-3.33,3.37,-3.37,.0,.23,-.23,.15,-.15,];
y: [-.1,-.1,-.02,-.02,-.07,-.07,-.49,-1.45,-1.45,1.7,1.7,];
25.9
Fittest 62
x: [3.24,-3.24,3.33,-3.33,3.37,-3.37,.0,-.33,.33,.15,-.15,];
y: [-.1,-.1,-.02,-.02,-.07,-.07,-.49,-1.52,-1.52,1.7,1.7,];
25.89
Fittest 63
x: [3.24,-3.24,3.33,-3.33,3.37,-3.37,.0,-.33,.33,.15,-.15,];
y: [-.1,-.1,-.02,-.02,-.07,-.07,-.49,-1.52,-1.52,1.7,1.7,];
25.89
Fittest 64
x: [3.24,-3.24,3.33,-3.33,3.37,-3.37,.0,-.33,.33,.15,-.15,];
y: [-.1,-.1,-.02,-.02,-.07,-.07,-.49,-1.52,-1.52,1.7,1.7,];
25.89
Fittest 65
x: [3.24,-3.24,3.33,-3.33,3.37,-3.37,.0,-.33,.33,.15,-.15,];
y: [-.1,-.1,-.02,-.02,-.07,-.07,-.49,-1.52,-1.52,1.7,1.7,];
25.89
Fittest 66
x: [3.24,-3.24,3.33,-3.33,3.37,-3.37,.0,-.33,.33,.15,-.15,];
y: [-.1,-.1,-.02,-.02,-.07,-.07,-.49,-1.52,-1.52,1.7,1.7,];
25.89
Fittest 67
x: [3.24,-3.24,3.33,-3.33,3.37,-3.37,.0,-.33,.33,.15,-.15,];
y: [-.1,-.1,-.02,-.02,-.07,-.07,-.49,-1.52,-1.52,1.7,1.7,];
25.89
Fittest 68
x: [3.24,-3.24,3.33,-3.33,3.37,-3.37,.0,-.33,.33,.15,-.15,];
y: [-.1,-.1,-.02,-.02,-.07,-.07,-.49,-1.52,-1.52,1.7,1.7,];
25.89
Fittest 69
x: [3.35,-3.35,3.33,-3.33,3.37,-3.37,.0,.23,-.23,.15,-.15,];
y: [-.08,-.08,-.02,-.02,-.07,-.07,-.32,-1.45,-1.45,1.7,1.7,];
25.88
Fittest 70
x: [3.35,-3.35,3.33,-3.33,3.37,-3.37,.0,.23,-.23,.15,-.15,];
y: [-.08,-.08,-.02,-.02,-.07,-.07,-.32,-1.45,-1.45,1.7,1.7,];
25.88
Fittest 71
x: [3.35,-3.35,3.33,-3.33,3.37,-3.37,.0,.23,-.23,.15,-.15,];
y: [-.08,-.08,-.02,-.02,-.07,-.07,-.32,-1.45,-1.45,1.7,1.7,];
25.88
Fittest 72
x: [3.35,-3.35,3.33,-3.33,3.37,-3.37,.0,.23,-.23,.15,-.15,];
y: [-.08,-.08,-.02,-.02,-.07,-.07,-.58,-1.45,-1.45,1.7,1.7,];
25.87
Fittest 73
x: [3.35,-3.35,3.33,-3.33,3.37,-3.37,.0,.23,-.23,.15,-.15,];
y: [-.08,-.08,-.02,-.02,-.07,-.07,-.58,-1.45,-1.45,1.7,1.7,];
25.87
Fittest 74
x: [3.35,-3.35,3.33,-3.33,3.37,-3.37,.0,.23,-.23,.15,-.15,];
y: [-.08,-.08,-.02,-.02,-.07,-.07,-.58,-1.45,-1.45,1.7,1.7,];
25.87
Fittest 75
x: [3.35,-3.35,3.33,-3.33,3.37,-3.37,.0,.23,-.23,.15,-.15,];
y: [-.08,-.08,-.02,-.02,-.07,-.07,-.58,-1.45,-1.45,1.7,1.7,];
25.87
Fittest 76
x: [3.35,-3.35,3.33,-3.33,3.37,-3.37,.0,.23,-.23,.15,-.15,];
y: [-.08,-.08,-.02,-.02,-.07,-.07,-.58,-1.45,-1.45,1.7,1.7,];
25.87
Fittest 77
x: [3.35,-3.35,3.33,-3.33,3.37,-3.37,.0,.23,-.23,.15,-.15,];
y: [-.08,-.08,-.02,-.02,-.07,-.07,-.58,-1.45,-1.45,1.7,1.7,];
25.87
Fittest 78
x: [3.35,-3.35,3.33,-3.33,3.37,-3.37,.0,.23,-.23,.15,-.15,];
y: [-.08,-.08,-.02,-.02,-.07,-.07,-.58,-1.45,-1.45,1.7,1.7,];
25.87
Fittest 79
x: [3.35,-3.35,3.33,-3.33,3.37,-3.37,.0,.23,-.23,.15,-.15,];
y: [-.08,-.08,-.02,-.02,-.07,-.07,-.52,-1.45,-1.45,1.7,1.7,];
25.87
Fittest 80
x: [3.35,-3.35,3.33,-3.33,3.37,-3.37,.0,.23,-.23,.15,-.15,];
y: [-.08,-.08,-.02,-.02,-.07,-.07,-.52,-1.45,-1.45,1.7,1.7,];
25.87
Fittest 81
x: [3.35,-3.35,3.33,-3.33,3.37,-3.37,.0,.23,-.23,.15,-.15,];
y: [-.08,-.08,-.02,-.02,-.07,-.07,-.52,-1.45,-1.45,1.7,1.7,];
25.87
Fittest 82
x: [3.35,-3.35,3.39,-3.39,3.37,-3.37,.0,.23,-.23,.15,-.15,];
y: [-.08,-.08,.0,.0,-.07,-.07,-.58,-1.45,-1.45,1.7,1.7,];
25.86
Fittest 83
x: [3.35,-3.35,3.39,-3.39,3.37,-3.37,.0,.23,-.23,.15,-.15,];
y: [-.08,-.08,.0,.0,-.07,-.07,-.58,-1.45,-1.45,1.7,1.7,];
25.86
Fittest 84
x: [3.35,-3.35,3.39,-3.39,3.37,-3.37,.0,.23,-.23,.15,-.15,];
y: [-.08,-.08,.0,.0,-.07,-.07,-.58,-1.45,-1.45,1.7,1.7,];
25.86
Fittest 85
x: [3.35,-3.35,3.39,-3.39,3.37,-3.37,.0,.23,-.23,.15,-.15,];
y: [-.08,-.08,.0,.0,-.07,-.07,-.58,-1.45,-1.45,1.7,1.7,];
25.86
Fittest 86
x: [3.35,-3.35,3.39,-3.39,3.37,-3.37,.0,.23,-.23,.15,-.15,];
y: [-.08,-.08,.0,.0,-.07,-.07,-.58,-1.45,-1.45,1.7,1.7,];
25.86
Fittest 87
x: [3.35,-3.35,3.39,-3.39,3.37,-3.37,.0,.23,-.23,.15,-.15,];
y: [-.08,-.08,.0,.0,-.07,-.07,-.58,-1.45,-1.45,1.7,1.7,];
25.86
Fittest 88
x: [3.35,-3.35,3.39,-3.39,3.37,-3.37,.0,.23,-.23,.15,-.15,];
y: [-.08,-.08,.0,.0,-.07,-.07,-.58,-1.45,-1.45,1.7,1.7,];
25.86
Fittest 89
x: [3.35,-3.35,3.39,-3.39,3.37,-3.37,.0,.23,-.23,.15,-.15,];
y: [-.08,-.08,.0,.0,-.07,-.07,-.58,-1.45,-1.45,1.7,1.7,];
25.86
Fittest 90
x: [3.35,-3.35,3.39,-3.39,3.37,-3.37,.0,.23,-.23,.15,-.15,];
y: [-.08,-.08,.0,.0,-.07,-.07,-.58,-1.45,-1.45,1.7,1.7,];
25.86
Fittest 91
x: [3.35,-3.35,3.39,-3.39,3.37,-3.37,.0,.23,-.23,.15,-.15,];
y: [-.08,-.08,.0,.0,-.07,-.07,-.52,-1.45,-1.45,1.7,1.7,];
25.86
Fittest 92
x: [3.35,-3.35,3.39,-3.39,3.37,-3.37,.0,-.29,.29,.15,-.15,];
y: [-.08,-.08,.0,.0,-.07,-.07,-.52,-1.49,-1.49,1.7,1.7,];
25.86
Fittest 93
x: [3.35,-3.35,3.42,-3.42,3.37,-3.37,.0,.23,-.23,.15,-.15,];
y: [-.08,-.08,-.02,-.02,-.07,-.07,-.58,-1.45,-1.45,1.7,1.7,];
25.86
Fittest 94
x: [3.35,-3.35,3.42,-3.42,3.37,-3.37,.0,.23,-.23,.15,-.15,];
y: [-.08,-.08,-.02,-.02,-.07,-.07,-.58,-1.45,-1.45,1.7,1.7,];
25.86
Fittest 95
x: [3.35,-3.35,3.42,-3.42,3.37,-3.37,.0,.23,-.23,.15,-.15,];
y: [-.08,-.08,-.02,-.02,-.07,-.07,-.58,-1.45,-1.45,1.7,1.7,];
25.86
Fittest 96
x: [3.35,-3.35,3.42,-3.42,3.37,-3.37,.0,.23,-.23,.15,-.15,];
y: [-.08,-.08,-.02,-.02,-.07,-.07,-.58,-1.45,-1.45,1.7,1.7,];
25.86
Fittest 97
x: [3.35,-3.35,3.42,-3.42,3.37,-3.37,.0,.23,-.23,.15,-.15,];
y: [-.08,-.08,-.02,-.02,-.07,-.07,-.58,-1.45,-1.45,1.7,1.7,];
25.86
Fittest 98
x: [3.35,-3.35,3.42,-3.42,3.37,-3.37,.0,.23,-.23,.15,-.15,];
y: [-.08,-.08,-.02,-.02,-.07,-.07,-.58,-1.45,-1.45,1.7,1.7,];
25.86
Fittest 99
x: [3.35,-3.35,3.42,-3.42,3.37,-3.37,.0,.23,-.23,.15,-.15,];
y: [-.08,-.08,-.02,-.02,-.07,-.07,-.58,-1.45,-1.45,1.7,1.7,];
25.86
Fittest 100
x: [3.35,-3.35,3.42,-3.42,3.37,-3.37,.0,.23,-.23,.15,-.15,];
y: [-.08,-.08,-.02,-.02,-.07,-.07,-.58,-1.45,-1.45,1.7,1.7,];
25.86
Fittest 101
x: [3.35,-3.35,3.42,-3.42,3.37,-3.37,.0,.23,-.23,.15,-.15,];
y: [-.08,-.08,-.02,-.02,-.07,-.07,-.58,-1.45,-1.45,1.7,1.7,];
25.86
Fittest 102
x: [3.35,-3.35,3.42,-3.42,3.37,-3.37,.0,.23,-.23,.15,-.15,];
y: [-.08,-.08,-.02,-.02,-.07,-.07,-.58,-1.45,-1.45,1.7,1.7,];
25.86
Fittest 103
x: [3.35,-3.35,3.42,-3.42,3.37,-3.37,.0,.23,-.23,.15,-.15,];
y: [-.08,-.08,-.02,-.02,-.07,-.07,-.58,-1.45,-1.45,1.7,1.7,];
25.86
Fittest 104
x: [3.35,-3.35,3.42,-3.42,3.37,-3.37,.0,.23,-.23,.15,-.15,];
y: [-.08,-.08,-.02,-.02,-.07,-.07,-.49,-1.45,-1.45,1.7,1.7,];
25.86
Fittest 105
x: [3.35,-3.35,3.42,-3.42,3.37,-3.37,.0,.23,-.23,.15,-.15,];
y: [-.08,-.08,-.02,-.02,-.07,-.07,-.49,-1.45,-1.45,1.7,1.7,];
25.86
Fittest 106
x: [3.35,-3.35,3.42,-3.42,3.37,-3.37,.0,.23,-.23,.15,-.15,];
y: [-.08,-.08,-.02,-.02,-.07,-.07,-.49,-1.45,-1.45,1.7,1.7,];
25.86
Fittest 107
x: [3.35,-3.35,3.42,-3.42,3.37,-3.37,.0,.23,-.23,.15,-.15,];
y: [-.08,-.08,-.02,-.02,-.07,-.07,-.49,-1.45,-1.45,1.7,1.7,];
25.86
Fittest 108
x: [3.35,-3.35,3.42,-3.42,3.37,-3.37,.0,.23,-.23,.15,-.15,];
y: [-.08,-.08,-.02,-.02,-.07,-.07,-.49,-1.45,-1.45,1.7,1.7,];
25.86
Fittest 109
x: [3.35,-3.35,3.42,-3.42,3.37,-3.37,.0,.23,-.23,.15,-.15,];
y: [-.08,-.08,-.02,-.02,-.07,-.07,-.49,-1.45,-1.45,1.7,1.7,];
25.86
Fittest 110
x: [3.35,-3.35,3.42,-3.42,3.37,-3.37,.0,.06,-.06,.15,-.15,];
y: [-.08,-.08,-.02,-.02,-.07,-.07,-.58,-1.49,-1.49,1.7,1.7,];
25.85
Fittest 111
x: [3.35,-3.35,3.42,-3.42,3.37,-3.37,.0,.06,-.06,.15,-.15,];
y: [-.08,-.08,-.02,-.02,-.07,-.07,-.58,-1.49,-1.49,1.7,1.7,];
25.85
Fittest 112
x: [3.35,-3.35,3.42,-3.42,3.37,-3.37,.0,.06,-.06,.15,-.15,];
y: [-.08,-.08,-.02,-.02,-.07,-.07,-.58,-1.49,-1.49,1.7,1.7,];
25.85
Fittest 113
x: [3.35,-3.35,3.42,-3.42,3.37,-3.37,.0,.06,-.06,.15,-.15,];
y: [-.08,-.08,-.02,-.02,-.07,-.07,-.58,-1.49,-1.49,1.7,1.7,];
25.85
Fittest 114
x: [3.35,-3.35,3.42,-3.42,3.37,-3.37,.0,.21,-.21,.15,-.15,];
y: [-.08,-.08,-.02,-.02,-.07,-.07,-.58,-1.62,-1.62,1.7,1.7,];
25.85
Fittest 115
x: [3.35,-3.35,3.42,-3.42,3.37,-3.37,.0,.21,-.21,.15,-.15,];
y: [-.08,-.08,-.02,-.02,-.07,-.07,-.58,-1.62,-1.62,1.7,1.7,];
25.85
Fittest 116
x: [3.48,-3.48,3.42,-3.42,3.37,-3.37,.0,.23,-.23,.15,-.15,];
y: [.04,.04,-.02,-.02,-.07,-.07,-.49,-1.45,-1.45,1.7,1.7,];
25.84
Fittest 117
x: [3.48,-3.48,3.42,-3.42,3.37,-3.37,.0,.23,-.23,.15,-.15,];
y: [.04,.04,-.02,-.02,-.07,-.07,-.49,-1.45,-1.45,1.7,1.7,];
25.84
Fittest 118
x: [3.48,-3.48,3.42,-3.42,3.37,-3.37,.0,.23,-.23,.15,-.15,];
y: [.04,.04,-.02,-.02,-.07,-.07,-.49,-1.45,-1.45,1.7,1.7,];
25.84
Fittest 119
x: [3.48,-3.48,3.42,-3.42,3.37,-3.37,.0,.23,-.23,.15,-.15,];
y: [.04,.04,-.02,-.02,-.07,-.07,-.49,-1.45,-1.45,1.7,1.7,];
25.84
Fittest 120
x: [3.48,-3.48,3.42,-3.42,3.37,-3.37,.0,.23,-.23,.15,-.15,];
y: [.04,.04,-.02,-.02,-.07,-.07,-.49,-1.45,-1.45,1.7,1.7,];
25.84
Fittest 121
x: [3.48,-3.48,3.42,-3.42,3.37,-3.37,.0,.23,-.23,.15,-.15,];
y: [.04,.04,-.02,-.02,-.07,-.07,-.49,-1.45,-1.45,1.7,1.7,];
25.84
Fittest 122
x: [3.48,-3.48,3.42,-3.42,3.37,-3.37,.0,.23,-.23,.15,-.15,];
y: [.04,.04,-.02,-.02,-.07,-.07,-.49,-1.45,-1.45,1.7,1.7,];
25.84
Fittest 123
x: [3.48,-3.48,3.42,-3.42,3.37,-3.37,.0,.23,-.23,.15,-.15,];
y: [.04,.04,-.02,-.02,-.07,-.07,-.49,-1.45,-1.45,1.7,1.7,];
25.84
Fittest 124
x: [3.48,-3.48,3.42,-3.42,3.37,-3.37,.0,-.08,.08,.15,-.15,];
y: [.04,.04,-.02,-.02,-.07,-.07,.32,-1.65,-1.65,1.7,1.7,];
25.83
Fittest 125
x: [3.48,-3.48,3.42,-3.42,3.37,-3.37,.0,-.08,.08,.15,-.15,];
y: [.04,.04,-.02,-.02,-.07,-.07,.32,-1.65,-1.65,1.7,1.7,];
25.83
Fittest 126
x: [3.48,-3.48,3.42,-3.42,3.37,-3.37,.0,-.08,.08,.15,-.15,];
y: [.04,.04,-.02,-.02,-.07,-.07,.32,-1.65,-1.65,1.7,1.7,];
25.83
Fittest 127
x: [3.48,-3.48,3.42,-3.42,3.37,-3.37,.0,-.08,.08,.15,-.15,];
y: [.04,.04,-.02,-.02,-.07,-.07,.32,-1.65,-1.65,1.7,1.7,];
25.83
Fittest 128
x: [3.48,-3.48,3.42,-3.42,3.37,-3.37,.0,-.08,.08,.15,-.15,];
y: [.04,.04,-.02,-.02,-.07,-.07,.32,-1.65,-1.65,1.7,1.7,];
25.83
Fittest 129
x: [3.48,-3.48,3.42,-3.42,3.37,-3.37,.0,-.08,.08,.15,-.15,];
y: [.04,.04,-.02,-.02,-.07,-.07,.32,-1.65,-1.65,1.7,1.7,];
25.83
Fittest 130
x: [3.48,-3.48,3.42,-3.42,3.37,-3.37,.0,-.08,.08,.15,-.15,];
y: [.04,.04,-.02,-.02,-.07,-.07,.32,-1.65,-1.65,1.7,1.7,];
25.83
Fittest 131
x: [3.48,-3.48,3.42,-3.42,3.37,-3.37,.0,-.08,.08,.15,-.15,];
y: [.04,.04,-.02,-.02,-.07,-.07,.32,-1.65,-1.65,1.7,1.7,];
25.83
Fittest 132
x: [3.48,-3.48,3.42,-3.42,3.37,-3.37,.0,-.08,.08,.15,-.15,];
y: [.04,.04,-.02,-.02,-.07,-.07,.32,-1.65,-1.65,1.7,1.7,];
25.83
Fittest 133
x: [3.48,-3.48,3.42,-3.42,3.37,-3.37,.0,-.08,.08,.15,-.15,];
y: [.04,.04,-.02,-.02,-.07,-.07,.32,-1.65,-1.65,1.7,1.7,];
25.83
Fittest 134
x: [3.48,-3.48,3.42,-3.42,3.37,-3.37,.0,-.08,.08,.15,-.15,];
y: [.04,.04,-.02,-.02,-.07,-.07,.32,-1.65,-1.65,1.7,1.7,];
25.83
Fittest 135
x: [3.48,-3.48,3.42,-3.42,3.37,-3.37,.0,-.08,.08,.15,-.15,];
y: [.04,.04,-.02,-.02,-.07,-.07,.32,-1.65,-1.65,1.7,1.7,];
25.83
Fittest 136
x: [3.48,-3.48,3.42,-3.42,3.37,-3.37,.0,-.08,.08,.15,-.15,];
y: [.04,.04,-.02,-.02,-.07,-.07,.32,-1.65,-1.65,1.7,1.7,];
25.83
Fittest 137
x: [3.48,-3.48,3.42,-3.42,3.37,-3.37,.0,-.08,.08,.15,-.15,];
y: [.04,.04,-.02,-.02,-.07,-.07,.45,-1.65,-1.65,1.7,1.7,];
25.83
Fittest 138
x: [3.48,-3.48,3.42,-3.42,3.37,-3.37,.0,-.08,.08,.15,-.15,];
y: [.04,.04,-.02,-.02,-.07,-.07,.45,-1.65,-1.65,1.7,1.7,];
25.83
Fittest 139
x: [3.48,-3.48,3.42,-3.42,3.37,-3.37,.0,-.08,.08,.15,-.15,];
y: [.04,.04,-.02,-.02,-.07,-.07,.45,-1.65,-1.65,1.7,1.7,];
25.83
Fittest 140
x: [3.48,-3.48,3.42,-3.42,3.37,-3.37,.0,-.08,.08,.15,-.15,];
y: [.04,.04,-.02,-.02,-.07,-.07,.45,-1.65,-1.65,1.7,1.7,];
25.83
Fittest 141
x: [3.48,-3.48,3.42,-3.42,3.37,-3.37,.0,-.08,.08,.15,-.15,];
y: [.04,.04,-.02,-.02,-.07,-.07,.45,-1.65,-1.65,1.7,1.7,];
25.83
Fittest 142
x: [3.48,-3.48,3.42,-3.42,3.47,-3.47,.0,-.08,.08,.15,-.15,];
y: [.04,.04,-.02,-.02,.14,.14,-.43,-1.65,-1.65,1.7,1.7,];
25.82
Fittest 143
x: [3.48,-3.48,3.42,-3.42,3.47,-3.47,.0,-.08,.08,.15,-.15,];
y: [.04,.04,-.02,-.02,.14,.14,-.43,-1.65,-1.65,1.7,1.7,];
25.82
Fittest 144
x: [3.48,-3.48,3.42,-3.42,3.47,-3.47,.0,-.08,.08,.15,-.15,];
y: [.04,.04,-.02,-.02,.14,.14,-.43,-1.65,-1.65,1.7,1.7,];
25.82
Fittest 145
x: [3.48,-3.48,3.42,-3.42,3.47,-3.47,.0,-.08,.08,.15,-.15,];
y: [.04,.04,-.02,-.02,.14,.14,-.43,-1.65,-1.65,1.7,1.7,];
25.82
Fittest 146
x: [3.48,-3.48,3.42,-3.42,3.47,-3.47,.0,-.08,.08,.15,-.15,];
y: [.04,.04,-.02,-.02,.14,.14,-.43,-1.65,-1.65,1.7,1.7,];
25.82
Fittest 147
x: [3.48,-3.48,3.42,-3.42,3.47,-3.47,.0,-.08,.08,.15,-.15,];
y: [.04,.04,-.02,-.02,.14,.14,-.43,-1.65,-1.65,1.7,1.7,];
25.82
Fittest 148
x: [3.48,-3.48,3.42,-3.42,3.47,-3.47,.0,-.08,.08,.15,-.15,];
y: [.04,.04,-.02,-.02,.14,.14,-.43,-1.65,-1.65,1.7,1.7,];
25.82
Fittest 149
x: [3.48,-3.48,3.42,-3.42,3.47,-3.47,.0,-.08,.08,.15,-.15,];
y: [.04,.04,-.02,-.02,.14,.14,-.43,-1.65,-1.65,1.7,1.7,];
25.82
Fittest 150
x: [3.48,-3.48,3.42,-3.42,3.47,-3.47,.0,-.08,.08,.15,-.15,];
y: [.04,.04,-.02,-.02,.14,.14,-.43,-1.65,-1.65,1.7,1.7,];
25.82
Fittest 151
x: [3.48,-3.48,3.42,-3.42,3.47,-3.47,.0,-.08,.08,.01,-.01,];
y: [.04,.04,-.02,-.02,.14,.14,-.43,-1.65,-1.65,1.58,1.58,];
25.81
Fittest 152
x: [3.48,-3.48,3.42,-3.42,3.47,-3.47,.0,-.08,.08,.01,-.01,];
y: [.04,.04,-.02,-.02,.14,.14,-.43,-1.65,-1.65,1.58,1.58,];
25.81
Fittest 153
x: [3.48,-3.48,3.42,-3.42,3.47,-3.47,.0,-.08,.08,.01,-.01,];
y: [.04,.04,-.02,-.02,.14,.14,-.43,-1.65,-1.65,1.58,1.58,];
25.81
Fittest 154
x: [3.48,-3.48,3.42,-3.42,3.47,-3.47,.0,-.08,.08,.01,-.01,];
y: [.04,.04,-.02,-.02,.14,.14,-.43,-1.65,-1.65,1.58,1.58,];
25.81
Fittest 155
x: [3.48,-3.48,3.42,-3.42,3.47,-3.47,.0,-.08,.08,.01,-.01,];
y: [.04,.04,-.02,-.02,.14,.14,-.43,-1.65,-1.65,1.58,1.58,];
25.81
Fittest 156
x: [3.48,-3.48,3.42,-3.42,3.57,-3.57,.0,-.08,.08,.0,-.0,];
y: [.04,.04,-.02,-.02,-.06,-.06,.32,-1.65,-1.65,1.67,1.67,];
25.79
Fittest 157
x: [3.48,-3.48,3.42,-3.42,3.57,-3.57,.0,-.08,.08,.0,-.0,];
y: [.04,.04,-.02,-.02,-.06,-.06,-.42,-1.65,-1.65,1.67,1.67,];
25.79
Fittest 158
x: [3.48,-3.48,3.42,-3.42,3.57,-3.57,.0,-.08,.08,.0,-.0,];
y: [.04,.04,-.02,-.02,-.06,-.06,-.42,-1.65,-1.65,1.67,1.67,];
25.79
Fittest 159
x: [3.48,-3.48,3.42,-3.42,3.57,-3.57,.0,-.08,.08,.0,-.0,];
y: [.04,.04,-.02,-.02,-.06,-.06,-.42,-1.65,-1.65,1.67,1.67,];
25.79
Fittest 160
x: [3.48,-3.48,3.42,-3.42,3.57,-3.57,.0,-.08,.08,.0,-.0,];
y: [.04,.04,-.02,-.02,-.06,-.06,-.42,-1.65,-1.65,1.67,1.67,];
25.79
Fittest 161
x: [3.48,-3.48,3.42,-3.42,3.57,-3.57,.0,-.08,.08,.0,-.0,];
y: [.04,.04,-.02,-.02,-.06,-.06,-.42,-1.65,-1.65,1.67,1.67,];
25.79
Fittest 162
x: [3.48,-3.48,3.42,-3.42,3.57,-3.57,.0,-.08,.08,.0,-.0,];
y: [.04,.04,-.02,-.02,-.06,-.06,-.42,-1.65,-1.65,1.67,1.67,];
25.79
Fittest 163
x: [3.48,-3.48,3.42,-3.42,3.57,-3.57,.0,-.08,.08,.0,-.0,];
y: [.04,.04,-.02,-.02,-.06,-.06,-.43,-1.65,-1.65,1.67,1.67,];
25.79
Fittest 164
x: [3.48,-3.48,3.42,-3.42,3.57,-3.57,.0,-.08,.08,.0,-.0,];
y: [.04,.04,-.02,-.02,-.06,-.06,-.43,-1.65,-1.65,1.67,1.67,];
25.79
Fittest 165
x: [3.48,-3.48,3.42,-3.42,3.57,-3.57,.0,-.08,.08,.0,-.0,];
y: [.04,.04,-.02,-.02,-.06,-.06,-.43,-1.65,-1.65,1.67,1.67,];
25.79
Fittest 166
x: [3.48,-3.48,3.42,-3.42,3.57,-3.57,.0,-.08,.08,.0,-.0,];
y: [.04,.04,-.02,-.02,-.06,-.06,-.43,-1.65,-1.65,1.67,1.67,];
25.79
Fittest 167
x: [3.48,-3.48,3.42,-3.42,3.57,-3.57,.0,-.08,.08,.0,-.0,];
y: [.04,.04,-.02,-.02,-.06,-.06,-.43,-1.65,-1.65,1.67,1.67,];
25.79
Fittest 168
x: [3.48,-3.48,3.42,-3.42,3.57,-3.57,.0,-.08,.08,.0,-.0,];
y: [.04,.04,.03,.03,-.06,-.06,-.42,-1.65,-1.65,1.67,1.67,];
25.79
Fittest 169
x: [3.48,-3.48,3.42,-3.42,3.57,-3.57,.0,-.08,.08,.0,-.0,];
y: [.04,.04,.03,.03,-.06,-.06,-.42,-1.65,-1.65,1.67,1.67,];
25.79
Fittest 170
x: [3.48,-3.48,3.42,-3.42,3.57,-3.57,.0,-.08,.08,.0,-.0,];
y: [.04,.04,.03,.03,-.06,-.06,-.42,-1.65,-1.65,1.67,1.67,];
25.79
Fittest 171
x: [3.48,-3.48,3.42,-3.42,3.57,-3.57,.0,-.08,.08,.0,-.0,];
y: [.04,.04,.03,.03,-.06,-.06,-.42,-1.65,-1.65,1.67,1.67,];
25.79
Fittest 172
x: [3.48,-3.48,3.42,-3.42,3.57,-3.57,.0,-.08,.08,.0,-.0,];
y: [.04,.04,.03,.03,-.06,-.06,-.42,-1.65,-1.65,1.67,1.67,];
25.79
Fittest 173
x: [3.48,-3.48,3.42,-3.42,3.57,-3.57,.0,-.08,.08,.0,-.0,];
y: [.04,.04,.03,.03,-.06,-.06,-.42,-1.65,-1.65,1.67,1.67,];
25.79
Fittest 174
x: [3.48,-3.48,3.42,-3.42,3.57,-3.57,.0,-.08,.08,.0,-.0,];
y: [.04,.04,.03,.03,-.06,-.06,-.42,-1.65,-1.65,1.67,1.67,];
25.79
Fittest 175
x: [3.48,-3.48,3.42,-3.42,3.57,-3.57,.0,-.08,.08,.0,-.0,];
y: [.04,.04,.03,.03,-.06,-.06,-.42,-1.65,-1.65,1.67,1.67,];
25.79
Fittest 176
x: [3.48,-3.48,3.42,-3.42,3.57,-3.57,.0,-.08,.08,.0,-.0,];
y: [.04,.04,.03,.03,-.06,-.06,-.42,-1.65,-1.65,1.67,1.67,];
25.79
Fittest 177
x: [3.48,-3.48,3.42,-3.42,3.57,-3.57,.0,-.08,.08,.0,-.0,];
y: [.04,.04,.03,.03,-.06,-.06,-.42,-1.65,-1.65,1.67,1.67,];
25.79
Fittest 178
x: [3.48,-3.48,3.42,-3.42,3.57,-3.57,.0,-.08,.08,.0,-.0,];
y: [.04,.04,.03,.03,-.06,-.06,-.42,-1.65,-1.65,1.67,1.67,];
25.79
Fittest 179
x: [3.52,-3.52,3.42,-3.42,3.57,-3.57,.0,-.08,.08,.0,-.0,];
y: [.04,.04,-.02,-.02,-.06,-.06,-.43,-1.65,-1.65,1.67,1.67,];
25.78
Fittest 180
x: [3.52,-3.52,3.42,-3.42,3.57,-3.57,.0,-.08,.08,.0,-.0,];
y: [.04,.04,-.02,-.02,-.06,-.06,-.43,-1.65,-1.65,1.67,1.67,];
25.78
Fittest 181
x: [3.52,-3.52,3.42,-3.42,3.57,-3.57,.0,-.08,.08,.0,-.0,];
y: [.04,.04,-.02,-.02,-.06,-.06,-.43,-1.65,-1.65,1.67,1.67,];
25.78
Fittest 182
x: [3.52,-3.52,3.42,-3.42,3.57,-3.57,.0,-.08,.08,.0,-.0,];
y: [.04,.04,-.02,-.02,-.06,-.06,-.43,-1.65,-1.65,1.67,1.67,];
25.78
Fittest 183
x: [3.52,-3.52,3.42,-3.42,3.57,-3.57,.0,-.08,.08,.0,-.0,];
y: [.04,.04,-.02,-.02,-.06,-.06,-.43,-1.65,-1.65,1.67,1.67,];
25.78
Fittest 184
x: [3.52,-3.52,3.42,-3.42,3.57,-3.57,.0,-.08,.08,.0,-.0,];
y: [.04,.04,-.02,-.02,-.06,-.06,-.43,-1.65,-1.65,1.67,1.67,];
25.78
Fittest 185
x: [3.52,-3.52,3.42,-3.42,3.57,-3.57,.0,-.08,.08,.0,-.0,];
y: [.04,.04,-.02,-.02,-.06,-.06,-.43,-1.65,-1.65,1.67,1.67,];
25.78
Fittest 186
x: [3.52,-3.52,3.42,-3.42,3.57,-3.57,.0,-.08,.08,.0,-.0,];
y: [.04,.04,-.02,-.02,-.06,-.06,-.43,-1.65,-1.65,1.67,1.67,];
25.78
Fittest 187
x: [3.52,-3.52,3.42,-3.42,3.57,-3.57,.0,-.08,.08,.0,-.0,];
y: [.04,.04,-.02,-.02,-.06,-.06,-.43,-1.65,-1.65,1.67,1.67,];
25.78
Fittest 188
x: [3.52,-3.52,3.42,-3.42,3.57,-3.57,.0,-.08,.08,.0,-.0,];
y: [.04,.04,-.02,-.02,-.06,-.06,-.43,-1.65,-1.65,1.67,1.67,];
25.78
Fittest 189
x: [3.52,-3.52,3.42,-3.42,3.57,-3.57,.0,-.08,.08,.0,-.0,];
y: [.04,.04,-.02,-.02,-.06,-.06,-.43,-1.65,-1.65,1.67,1.67,];
25.78
Fittest 190
x: [3.52,-3.52,3.42,-3.42,3.57,-3.57,.0,-.08,.08,.0,-.0,];
y: [.04,.04,-.02,-.02,-.06,-.06,-.43,-1.65,-1.65,1.67,1.67,];
25.78
Fittest 191
x: [3.52,-3.52,3.42,-3.42,3.57,-3.57,.0,-.08,.08,.0,-.0,];
y: [.04,.04,-.02,-.02,-.06,-.06,-.43,-1.65,-1.65,1.67,1.67,];
25.78
Fittest 192
x: [3.52,-3.52,3.42,-3.42,3.57,-3.57,.0,-.08,.08,.0,-.0,];
y: [.04,.04,-.02,-.02,-.06,-.06,-.43,-1.65,-1.65,1.67,1.67,];
25.78
Fittest 193
x: [3.52,-3.52,3.42,-3.42,3.57,-3.57,.0,-.08,.08,.0,-.0,];
y: [.04,.04,-.02,-.02,-.06,-.06,-.43,-1.65,-1.65,1.67,1.67,];
25.78
Fittest 194
x: [3.52,-3.52,3.42,-3.42,3.57,-3.57,.0,-.08,.08,.0,-.0,];
y: [.04,.04,-.02,-.02,-.06,-.06,-.43,-1.65,-1.65,1.67,1.67,];
25.78
Fittest 195
x: [3.52,-3.52,3.42,-3.42,3.57,-3.57,.0,.11,-.11,.0,-.0,];
y: [.04,.04,-.02,-.02,-.06,-.06,-.43,-1.55,-1.55,1.67,1.67,];
25.78
Fittest 196
x: [3.52,-3.52,3.42,-3.42,3.57,-3.57,.0,.11,-.11,.0,-.0,];
y: [.04,.04,-.02,-.02,-.06,-.06,-.43,-1.55,-1.55,1.67,1.67,];
25.78
Fittest 197
x: [3.52,-3.52,3.42,-3.42,3.57,-3.57,.0,.11,-.11,.0,-.0,];
y: [.04,.04,-.02,-.02,-.06,-.06,-.43,-1.55,-1.55,1.67,1.67,];
25.78
Fittest 198
x: [3.52,-3.52,3.42,-3.42,3.57,-3.57,.0,.11,-.11,.0,-.0,];
y: [.04,.04,-.02,-.02,-.06,-.06,-.43,-1.55,-1.55,1.67,1.67,];
25.78
Fittest 199
x: [3.52,-3.52,3.42,-3.42,3.57,-3.57,.0,.11,-.11,.0,-.0,];
y: [.04,.04,-.02,-.02,-.06,-.06,-.43,-1.55,-1.55,1.67,1.67,];
25.78
Fittest 200
x: [3.52,-3.52,3.42,-3.42,3.57,-3.57,.0,.11,-.11,.0,-.0,];
y: [.04,.04,-.02,-.02,-.06,-.06,-.43,-1.55,-1.55,1.67,1.67,];
25.78
Fittest 201
x: [3.52,-3.52,3.42,-3.42,3.57,-3.57,.0,.11,-.11,.0,-.0,];
y: [.04,.04,-.02,-.02,-.06,-.06,-.43,-1.55,-1.55,1.67,1.67,];
25.78
Fittest 202
x: [3.52,-3.52,3.42,-3.42,3.57,-3.57,.0,.11,-.11,.0,-.0,];
y: [.04,.04,-.02,-.02,-.06,-.06,-.43,-1.55,-1.55,1.67,1.67,];
25.78
Fittest 203
x: [3.52,-3.52,3.42,-3.42,3.57,-3.57,.0,.11,-.11,.0,-.0,];
y: [.04,.04,-.02,-.02,-.06,-.06,-.59,-1.55,-1.55,1.67,1.67,];
25.78
Fittest 204
x: [3.52,-3.52,3.42,-3.42,3.57,-3.57,.0,.11,-.11,.0,-.0,];
y: [.04,.04,-.02,-.02,-.06,-.06,-.59,-1.55,-1.55,1.67,1.67,];
25.78
Fittest 205
x: [3.52,-3.52,3.42,-3.42,3.57,-3.57,.0,.11,-.11,.0,-.0,];
y: [.04,.04,-.02,-.02,-.06,-.06,-.59,-1.55,-1.55,1.67,1.67,];
25.78
Fittest 206
x: [3.52,-3.52,3.42,-3.42,3.57,-3.57,.0,.11,-.11,.0,-.0,];
y: [.04,.04,-.02,-.02,-.06,-.06,-.52,-1.55,-1.55,1.67,1.67,];
25.78
Fittest 207
x: [3.52,-3.52,3.42,-3.42,3.57,-3.57,.0,.11,-.11,.0,-.0,];
y: [.04,.04,-.02,-.02,-.06,-.06,-.52,-1.55,-1.55,1.67,1.67,];
25.78
Fittest 208
x: [3.52,-3.52,3.42,-3.42,3.57,-3.57,.0,.11,-.11,.0,-.0,];
y: [.04,.04,-.02,-.02,-.06,-.06,-.52,-1.55,-1.55,1.67,1.67,];
25.78
Fittest 209
x: [3.52,-3.52,3.42,-3.42,3.57,-3.57,.0,.11,-.11,.0,-.0,];
y: [.04,.04,-.02,-.02,-.06,-.06,-.52,-1.55,-1.55,1.67,1.67,];
25.78
Fittest 210
x: [3.52,-3.52,3.42,-3.42,3.57,-3.57,.0,.11,-.11,.0,-.0,];
y: [.04,.04,-.02,-.02,-.06,-.06,-.52,-1.55,-1.55,1.67,1.67,];
25.78
Fittest 211
x: [3.52,-3.52,3.42,-3.42,3.57,-3.57,.0,.11,-.11,.0,-.0,];
y: [.04,.04,-.02,-.02,-.06,-.06,-.52,-1.55,-1.55,1.67,1.67,];
25.78
Fittest 212
x: [3.52,-3.52,3.42,-3.42,3.57,-3.57,.0,.11,-.11,.0,-.0,];
y: [.04,.04,-.02,-.02,-.06,-.06,-.52,-1.55,-1.55,1.67,1.67,];
25.78
Fittest 213
x: [3.52,-3.52,3.42,-3.42,3.57,-3.57,.0,.11,-.11,.0,-.0,];
y: [.04,.04,-.02,-.02,-.06,-.06,-.52,-1.55,-1.55,1.67,1.67,];
25.78
Fittest 214
x: [3.52,-3.52,3.53,-3.53,3.57,-3.57,.0,.11,-.11,.0,-.0,];
y: [.04,.04,.04,.04,-.06,-.06,.45,-1.55,-1.55,1.67,1.67,];
25.77
Fittest 215
x: [3.52,-3.52,3.53,-3.53,3.57,-3.57,.0,.11,-.11,.0,-.0,];
y: [.04,.04,.04,.04,-.06,-.06,.45,-1.55,-1.55,1.67,1.67,];
25.77
Fittest 216
x: [3.52,-3.52,3.53,-3.53,3.57,-3.57,.0,.11,-.11,.0,-.0,];
y: [.04,.04,.04,.04,-.06,-.06,.45,-1.55,-1.55,1.67,1.67,];
25.77
Fittest 217
x: [3.52,-3.52,3.53,-3.53,3.57,-3.57,.0,.11,-.11,.0,-.0,];
y: [.04,.04,.04,.04,-.06,-.06,.45,-1.55,-1.55,1.67,1.67,];
25.77
Fittest 218
x: [3.52,-3.52,3.53,-3.53,3.57,-3.57,.0,.11,-.11,.0,-.0,];
y: [.04,.04,.04,.04,-.06,-.06,.45,-1.55,-1.55,1.67,1.67,];
25.77
Fittest 219
x: [3.52,-3.52,3.53,-3.53,3.57,-3.57,.0,.11,-.11,.0,-.0,];
y: [.04,.04,.04,.04,-.06,-.06,.45,-1.55,-1.55,1.67,1.67,];
25.77
Fittest 220
x: [3.52,-3.52,3.53,-3.53,3.57,-3.57,.0,.11,-.11,.0,-.0,];
y: [.04,.04,.04,.04,-.06,-.06,.26,-1.55,-1.55,1.67,1.67,];
25.77
Fittest 221
x: [3.52,-3.52,3.53,-3.53,3.57,-3.57,.0,.11,-.11,.0,-.0,];
y: [.04,.04,.04,.04,-.06,-.06,.26,-1.55,-1.55,1.67,1.67,];
25.77
Fittest 222
x: [3.52,-3.52,3.53,-3.53,3.57,-3.57,.0,.11,-.11,.0,-.0,];
y: [.04,.04,.04,.04,-.06,-.06,-.26,-1.55,-1.55,1.67,1.67,];
25.76
Fittest 223
x: [3.52,-3.52,3.53,-3.53,3.57,-3.57,.0,.11,-.11,.0,-.0,];
y: [.04,.04,.04,.04,-.06,-.06,-.58,-1.55,-1.55,1.67,1.67,];
25.76
Fittest 224
x: [3.52,-3.52,3.53,-3.53,3.57,-3.57,.0,.11,-.11,.0,-.0,];
y: [.04,.04,.04,.04,-.06,-.06,-.58,-1.55,-1.55,1.67,1.67,];
25.76
Fittest 225
x: [3.52,-3.52,3.53,-3.53,3.57,-3.57,.0,.11,-.11,.0,-.0,];
y: [.04,.04,.04,.04,-.06,-.06,-.58,-1.55,-1.55,1.67,1.67,];
25.76
Fittest 226
x: [3.52,-3.52,3.53,-3.53,3.57,-3.57,.0,.11,-.11,.0,-.0,];
y: [.04,.04,.04,.04,-.06,-.06,-.58,-1.55,-1.55,1.67,1.67,];
25.76
Fittest 227
x: [3.52,-3.52,3.53,-3.53,3.57,-3.57,.0,.11,-.11,.0,-.0,];
y: [.04,.04,.04,.04,-.06,-.06,-.58,-1.55,-1.55,1.67,1.67,];
25.76
Fittest 228
x: [3.52,-3.52,3.53,-3.53,3.57,-3.57,.0,.11,-.11,.0,-.0,];
y: [.04,.04,.04,.04,-.06,-.06,-.58,-1.55,-1.55,1.67,1.67,];
25.76
Fittest 229
x: [3.52,-3.52,3.53,-3.53,3.57,-3.57,.0,.11,-.11,.0,-.0,];
y: [.04,.04,.04,.04,-.06,-.06,-.58,-1.55,-1.55,1.67,1.67,];
25.76
Fittest 230
x: [3.52,-3.52,3.53,-3.53,3.57,-3.57,.0,.11,-.11,.0,-.0,];
y: [.04,.04,.04,.04,-.06,-.06,-.58,-1.55,-1.55,1.67,1.67,];
25.76
Fittest 231
x: [3.52,-3.52,3.53,-3.53,3.57,-3.57,.0,.11,-.11,.0,-.0,];
y: [.04,.04,.04,.04,-.06,-.06,-.58,-1.55,-1.55,1.67,1.67,];
25.76
Fittest 232
x: [3.52,-3.52,3.53,-3.53,3.57,-3.57,.0,.11,-.11,.0,-.0,];
y: [.04,.04,.04,.04,-.06,-.06,-.55,-1.55,-1.55,1.67,1.67,];
25.76
Fittest 233
x: [3.52,-3.52,3.53,-3.53,3.57,-3.57,.0,.11,-.11,.0,-.0,];
y: [.04,.04,.04,.04,-.06,-.06,-.55,-1.55,-1.55,1.67,1.67,];
25.76
Fittest 234
x: [3.52,-3.52,3.53,-3.53,3.57,-3.57,.0,.11,-.11,.0,-.0,];
y: [.04,.04,.04,.04,-.06,-.06,-.55,-1.55,-1.55,1.67,1.67,];
25.76
Fittest 235
x: [3.52,-3.52,3.53,-3.53,3.57,-3.57,.0,.11,-.11,.0,-.0,];
y: [.04,.04,.04,.04,-.06,-.06,-.56,-1.55,-1.55,1.67,1.67,];
25.76
Fittest 236
x: [3.52,-3.52,3.53,-3.53,3.57,-3.57,.0,.11,-.11,.0,-.0,];
y: [.04,.04,.04,.04,-.06,-.06,-.56,-1.55,-1.55,1.67,1.67,];
25.76
Fittest 237
x: [3.52,-3.52,3.53,-3.53,3.57,-3.57,.0,.11,-.11,.06,-.06,];
y: [.04,.04,.04,.04,-.06,-.06,-.58,-1.55,-1.55,1.52,1.52,];
25.76
Fittest 238
x: [3.52,-3.52,3.53,-3.53,3.57,-3.57,.0,.11,-.11,.06,-.06,];
y: [.04,.04,.04,.04,-.06,-.06,-.58,-1.55,-1.55,1.52,1.52,];
25.76
Fittest 239
x: [3.52,-3.52,3.53,-3.53,3.57,-3.57,.0,.11,-.11,.06,-.06,];
y: [.04,.04,.04,.04,-.06,-.06,-.58,-1.55,-1.55,1.52,1.52,];
25.76
Fittest 240
x: [3.52,-3.52,3.53,-3.53,3.57,-3.57,.0,.11,-.11,.06,-.06,];
y: [.04,.04,.04,.04,-.06,-.06,-.58,-1.55,-1.55,1.52,1.52,];
25.76
Fittest 241
x: [3.52,-3.52,3.53,-3.53,3.57,-3.57,.0,.11,-.11,.06,-.06,];
y: [.04,.04,.04,.04,-.06,-.06,-.58,-1.55,-1.55,1.52,1.52,];
25.76
Fittest 242
x: [3.52,-3.52,3.53,-3.53,3.57,-3.57,.0,.11,-.11,.06,-.06,];
y: [.04,.04,.04,.04,-.06,-.06,-.58,-1.55,-1.55,1.52,1.52,];
25.76
Fittest 243
x: [3.52,-3.52,3.53,-3.53,3.57,-3.57,.0,.11,-.11,.06,-.06,];
y: [.04,.04,.04,.04,-.06,-.06,-.58,-1.55,-1.55,1.52,1.52,];
25.76
Fittest 244
x: [3.52,-3.52,3.53,-3.53,3.57,-3.57,.0,.11,-.11,.01,-.01,];
y: [.04,.04,.04,.04,-.06,-.06,-.58,-1.55,-1.55,1.62,1.62,];
25.75
Fittest 245
x: [3.52,-3.52,3.53,-3.53,3.57,-3.57,.0,.11,-.11,.01,-.01,];
y: [.04,.04,.04,.04,-.06,-.06,-.58,-1.55,-1.55,1.62,1.62,];
25.75
Fittest 246
x: [3.52,-3.52,3.53,-3.53,3.57,-3.57,.0,.11,-.11,.01,-.01,];
y: [.04,.04,.04,.04,-.06,-.06,-.56,-1.55,-1.55,1.62,1.62,];
25.75
Fittest 247
x: [3.52,-3.52,3.53,-3.53,3.57,-3.57,.0,.11,-.11,.01,-.01,];
y: [.04,.04,.04,.04,-.06,-.06,-.56,-1.55,-1.55,1.62,1.62,];
25.75
Fittest 248
x: [3.52,-3.52,3.53,-3.53,3.57,-3.57,.0,.11,-.11,.01,-.01,];
y: [.04,.04,.04,.04,-.06,-.06,-.56,-1.55,-1.55,1.62,1.62,];
25.75
Fittest 249
x: [3.52,-3.52,3.53,-3.53,3.57,-3.57,.0,.11,-.11,.01,-.01,];
y: [.04,.04,.04,.04,-.06,-.06,-.56,-1.55,-1.55,1.62,1.62,];
25.75
Fittest 250
x: [3.52,-3.52,3.53,-3.53,3.57,-3.57,.0,.11,-.11,.01,-.01,];
y: [.04,.04,.04,.04,-.06,-.06,-.52,-1.55,-1.55,1.62,1.62,];
25.75
Fittest 251
x: [3.52,-3.52,3.53,-3.53,3.57,-3.57,.0,.11,-.11,.01,-.01,];
y: [.04,.04,.04,.04,-.06,-.06,-.52,-1.55,-1.55,1.62,1.62,];
25.75
Fittest 252
x: [3.52,-3.52,3.53,-3.53,3.57,-3.57,.0,.11,-.11,.01,-.01,];
y: [.04,.04,.04,.04,-.06,-.06,-.52,-1.55,-1.55,1.62,1.62,];
25.75
Fittest 253
x: [3.52,-3.52,3.53,-3.53,3.57,-3.57,.0,.11,-.11,.01,-.01,];
y: [.04,.04,.04,.04,-.06,-.06,-.52,-1.55,-1.55,1.62,1.62,];
25.75
Fittest 254
x: [3.52,-3.52,3.53,-3.53,3.57,-3.57,.0,.11,-.11,.01,-.01,];
y: [.04,.04,.04,.04,-.06,-.06,-.52,-1.55,-1.55,1.62,1.62,];
25.75
Fittest 255
x: [3.52,-3.52,3.53,-3.53,3.57,-3.57,.0,.11,-.11,.01,-.01,];
y: [.04,.04,.04,.04,-.06,-.06,-.52,-1.55,-1.55,1.62,1.62,];
25.75
Fittest 256
x: [3.52,-3.52,3.53,-3.53,3.57,-3.57,.0,.11,-.11,.01,-.01,];
y: [.04,.04,.04,.04,-.06,-.06,-.52,-1.55,-1.55,1.62,1.62,];
25.75
Fittest 257
x: [3.52,-3.52,3.53,-3.53,3.57,-3.57,.0,.11,-.11,.01,-.01,];
y: [.04,.04,.04,.04,-.06,-.06,-.52,-1.55,-1.55,1.62,1.62,];
25.75
Fittest 258
x: [3.52,-3.52,3.53,-3.53,3.57,-3.57,.0,.11,-.11,.01,-.01,];
y: [.04,.04,.04,.04,-.06,-.06,-.52,-1.55,-1.55,1.62,1.62,];
25.75
Fittest 259
x: [3.52,-3.52,3.53,-3.53,3.57,-3.57,.0,.11,-.11,.01,-.01,];
y: [.04,.04,.04,.04,-.06,-.06,-.52,-1.55,-1.55,1.62,1.62,];
25.75
Fittest 260
x: [3.52,-3.52,3.53,-3.53,3.57,-3.57,.0,.11,-.11,.01,-.01,];
y: [.04,.04,.04,.04,-.06,-.06,-.52,-1.55,-1.55,1.62,1.62,];
25.75
Fittest 261
x: [3.52,-3.52,3.53,-3.53,3.57,-3.57,.0,.11,-.11,.01,-.01,];
y: [.04,.04,.04,.04,-.06,-.06,-.52,-1.55,-1.55,1.62,1.62,];
25.75
Fittest 262
x: [3.52,-3.52,3.53,-3.53,3.57,-3.57,.0,.11,-.11,.01,-.01,];
y: [.04,.04,.04,.04,-.06,-.06,-.52,-1.55,-1.55,1.62,1.62,];
25.75
Fittest 263
x: [3.52,-3.52,3.53,-3.53,3.57,-3.57,.0,.11,-.11,.01,-.01,];
y: [.04,.04,.04,.04,-.06,-.06,-.55,-1.55,-1.55,1.62,1.62,];
25.75
Fittest 264
x: [3.52,-3.52,3.53,-3.53,3.57,-3.57,.0,.11,-.11,.01,-.01,];
y: [.04,.04,.04,.04,-.06,-.06,-.55,-1.55,-1.55,1.62,1.62,];
25.75
Fittest 265
x: [3.52,-3.52,3.53,-3.53,3.57,-3.57,.0,.11,-.11,.01,-.01,];
y: [.04,.04,.04,.04,-.06,-.06,-.55,-1.55,-1.55,1.62,1.62,];
25.75
Fittest 266
x: [3.52,-3.52,3.53,-3.53,3.57,-3.57,.0,.11,-.11,.01,-.01,];
y: [.04,.04,.04,.04,-.06,-.06,-.55,-1.55,-1.55,1.62,1.62,];
25.75
Fittest 267
x: [3.52,-3.52,3.58,-3.58,3.57,-3.57,.0,.11,-.11,.01,-.01,];
y: [.04,.04,-.13,-.13,-.06,-.06,-.52,-1.55,-1.55,1.62,1.62,];
25.75
Fittest 268
x: [3.52,-3.52,3.58,-3.58,3.57,-3.57,.0,.11,-.11,.01,-.01,];
y: [.04,.04,-.13,-.13,-.06,-.06,-.52,-1.55,-1.55,1.62,1.62,];
25.75
Fittest 269
x: [3.52,-3.52,3.58,-3.58,3.57,-3.57,.0,.11,-.11,.01,-.01,];
y: [.04,.04,-.13,-.13,-.06,-.06,-.52,-1.55,-1.55,1.62,1.62,];
25.75
Fittest 270
x: [3.52,-3.52,3.58,-3.58,3.57,-3.57,.0,.11,-.11,.01,-.01,];
y: [.04,.04,-.13,-.13,-.06,-.06,-.52,-1.55,-1.55,1.62,1.62,];
25.75
Fittest 271
x: [3.52,-3.52,3.58,-3.58,3.57,-3.57,.0,.11,-.11,.01,-.01,];
y: [.04,.04,-.13,-.13,-.06,-.06,-.52,-1.55,-1.55,1.62,1.62,];
25.75
Fittest 272
x: [3.52,-3.52,3.58,-3.58,3.57,-3.57,.0,.11,-.11,.01,-.01,];
y: [.04,.04,-.13,-.13,-.06,-.06,-.52,-1.55,-1.55,1.62,1.62,];
25.75
Fittest 273
x: [3.52,-3.52,3.58,-3.58,3.57,-3.57,.0,.11,-.11,.01,-.01,];
y: [.04,.04,-.13,-.13,-.06,-.06,-.52,-1.55,-1.55,1.62,1.62,];
25.75
Fittest 274
x: [3.52,-3.52,3.58,-3.58,3.57,-3.57,.0,.11,-.11,.01,-.01,];
y: [.04,.04,-.13,-.13,-.06,-.06,-.52,-1.55,-1.55,1.62,1.62,];
25.75
Fittest 275
x: [3.52,-3.52,3.58,-3.58,3.57,-3.57,.0,.11,-.11,.01,-.01,];
y: [.04,.04,-.13,-.13,-.06,-.06,-.52,-1.55,-1.55,1.62,1.62,];
25.75
Fittest 276
x: [3.52,-3.52,3.58,-3.58,3.57,-3.57,.0,.11,-.11,.01,-.01,];
y: [.04,.04,-.13,-.13,-.06,-.06,-.52,-1.55,-1.55,1.62,1.62,];
25.75
Fittest 277
x: [3.52,-3.52,3.58,-3.58,3.57,-3.57,.0,.11,-.11,.01,-.01,];
y: [.04,.04,-.13,-.13,-.06,-.06,-.52,-1.55,-1.55,1.62,1.62,];
25.75
Fittest 278
x: [3.52,-3.52,3.58,-3.58,3.57,-3.57,.0,.11,-.11,.01,-.01,];
y: [.04,.04,-.13,-.13,-.06,-.06,-.46,-1.55,-1.55,1.62,1.62,];
25.75
Fittest 279
x: [3.52,-3.52,3.58,-3.58,3.57,-3.57,.0,.11,-.11,.01,-.01,];
y: [.04,.04,-.13,-.13,-.06,-.06,-.46,-1.55,-1.55,1.62,1.62,];
25.75
Fittest 280
x: [3.52,-3.52,3.58,-3.58,3.57,-3.57,.0,.11,-.11,.01,-.01,];
y: [.04,.04,-.13,-.13,-.06,-.06,-.46,-1.55,-1.55,1.62,1.62,];
25.75
Fittest 281
x: [3.52,-3.52,3.58,-3.58,3.57,-3.57,.0,.11,-.11,.01,-.01,];
y: [.04,.04,-.13,-.13,-.06,-.06,-.46,-1.55,-1.55,1.62,1.62,];
25.75
Fittest 282
x: [3.52,-3.52,3.58,-3.58,3.57,-3.57,.0,.11,-.11,.01,-.01,];
y: [.04,.04,-.13,-.13,-.06,-.06,-.46,-1.55,-1.55,1.62,1.62,];
25.75
Fittest 283
x: [3.52,-3.52,3.58,-3.58,3.57,-3.57,.0,.11,-.11,.01,-.01,];
y: [.04,.04,-.13,-.13,-.06,-.06,-.44,-1.55,-1.55,1.62,1.62,];
25.75
Fittest 284
x: [3.52,-3.52,3.58,-3.58,3.57,-3.57,.0,.11,-.11,.01,-.01,];
y: [.04,.04,-.13,-.13,-.06,-.06,-.45,-1.55,-1.55,1.62,1.62,];
25.75
Fittest 285
x: [3.52,-3.52,3.58,-3.58,3.57,-3.57,.0,.11,-.11,.01,-.01,];
y: [.04,.04,-.13,-.13,-.06,-.06,-.45,-1.55,-1.55,1.62,1.62,];
25.75
Fittest 286
x: [3.52,-3.52,3.58,-3.58,3.57,-3.57,.0,.11,-.11,.01,-.01,];
y: [.04,.04,-.13,-.13,-.06,-.06,-.45,-1.55,-1.55,1.62,1.62,];
25.75
Fittest 287
x: [3.52,-3.52,3.58,-3.58,3.57,-3.57,.0,.11,-.11,.01,-.01,];
y: [.04,.04,-.13,-.13,-.06,-.06,-.45,-1.55,-1.55,1.62,1.62,];
25.75
Fittest 288
x: [3.52,-3.52,3.58,-3.58,3.57,-3.57,.0,.11,-.11,.01,-.01,];
y: [.04,.04,-.13,-.13,-.06,-.06,-.45,-1.55,-1.55,1.62,1.62,];
25.75
Fittest 289
x: [3.52,-3.52,3.58,-3.58,3.57,-3.57,.0,.11,-.11,.01,-.01,];
y: [.04,.04,-.13,-.13,-.06,-.06,-.45,-1.55,-1.55,1.62,1.62,];
25.75
Fittest 290
x: [3.52,-3.52,3.58,-3.58,3.57,-3.57,.0,.11,-.11,.01,-.01,];
y: [.04,.04,-.13,-.13,-.06,-.06,-.45,-1.55,-1.55,1.62,1.62,];
25.75
Fittest 291
x: [3.52,-3.52,3.58,-3.58,3.57,-3.57,.0,.11,-.11,.01,-.01,];
y: [.04,.04,-.13,-.13,-.06,-.06,-.45,-1.55,-1.55,1.62,1.62,];
25.75
Fittest 292
x: [3.52,-3.52,3.58,-3.58,3.57,-3.57,.0,.11,-.11,.01,-.01,];
y: [.04,.04,-.13,-.13,-.06,-.06,-.45,-1.55,-1.55,1.62,1.62,];
25.75
Fittest 293
x: [3.52,-3.52,3.58,-3.58,3.57,-3.57,.0,.11,-.11,.01,-.01,];
y: [.04,.04,-.13,-.13,-.06,-.06,-.45,-1.55,-1.55,1.62,1.62,];
25.75
Fittest 294
x: [3.52,-3.52,3.58,-3.58,3.57,-3.57,.0,.11,-.11,.01,-.01,];
y: [.04,.04,-.13,-.13,-.06,-.06,-.45,-1.55,-1.55,1.62,1.62,];
25.75
Fittest 295
x: [3.52,-3.52,3.58,-3.58,3.57,-3.57,.0,.11,-.11,.01,-.01,];
y: [.04,.04,-.13,-.13,-.06,-.06,-.45,-1.55,-1.55,1.62,1.62,];
25.75
Fittest 296
x: [3.52,-3.52,3.58,-3.58,3.57,-3.57,.0,.11,-.11,.01,-.01,];
y: [.04,.04,-.13,-.13,-.06,-.06,-.45,-1.55,-1.55,1.62,1.62,];
25.75
Fittest 297
x: [3.52,-3.52,3.58,-3.58,3.57,-3.57,.0,.11,-.11,.01,-.01,];
y: [.04,.04,-.13,-.13,-.06,-.06,-.45,-1.55,-1.55,1.62,1.62,];
25.75
Fittest 298
x: [3.52,-3.52,3.58,-3.58,3.57,-3.57,.0,.11,-.11,.01,-.01,];
y: [.04,.04,-.13,-.13,-.06,-.06,-.45,-1.55,-1.55,1.62,1.62,];
25.75
Fittest 299
x: [3.52,-3.52,3.58,-3.58,3.57,-3.57,.0,.11,-.11,.01,-.01,];
y: [.04,.04,-.13,-.13,-.06,-.06,-.45,-1.55,-1.55,1.62,1.62,];
25.75
Fittest 300
x: [3.52,-3.52,3.58,-3.58,3.57,-3.57,.0,-.02,.02,.01,-.01,];
y: [.04,.04,-.13,-.13,-.06,-.06,-.45,-1.53,-1.53,1.62,1.62,];
25.74
Fittest 301
x: [3.52,-3.52,3.58,-3.58,3.57,-3.57,.0,-.02,.02,.01,-.01,];
y: [.04,.04,-.13,-.13,-.06,-.06,-.45,-1.53,-1.53,1.62,1.62,];
25.74
Fittest 302
x: [3.52,-3.52,3.58,-3.58,3.57,-3.57,.0,-.02,.02,.01,-.01,];
y: [.04,.04,-.13,-.13,-.06,-.06,-.45,-1.53,-1.53,1.62,1.62,];
25.74
Fittest 303
x: [3.52,-3.52,3.58,-3.58,3.57,-3.57,.0,-.02,.02,.01,-.01,];
y: [.04,.04,-.13,-.13,-.06,-.06,-.45,-1.53,-1.53,1.62,1.62,];
25.74
Fittest 304
x: [3.52,-3.52,3.58,-3.58,3.57,-3.57,.0,-.02,.02,.01,-.01,];
y: [.04,.04,-.13,-.13,-.06,-.06,-.45,-1.53,-1.53,1.62,1.62,];
25.74
Fittest 305
x: [3.52,-3.52,3.58,-3.58,3.57,-3.57,.0,-.02,.02,.01,-.01,];
y: [.04,.04,-.13,-.13,-.06,-.06,-.45,-1.53,-1.53,1.62,1.62,];
25.74
Fittest 306
x: [3.52,-3.52,3.58,-3.58,3.57,-3.57,.0,-.02,.02,.01,-.01,];
y: [.04,.04,-.13,-.13,-.06,-.06,-.45,-1.53,-1.53,1.62,1.62,];
25.74
Fittest 307
x: [3.52,-3.52,3.58,-3.58,3.57,-3.57,.0,-.02,.02,.01,-.01,];
y: [.04,.04,-.13,-.13,-.06,-.06,-.45,-1.53,-1.53,1.62,1.62,];
25.74
Fittest 308
x: [3.52,-3.52,3.58,-3.58,3.57,-3.57,.0,-.02,.02,.01,-.01,];
y: [.04,.04,-.13,-.13,-.06,-.06,-.45,-1.53,-1.53,1.62,1.62,];
25.74
Fittest 309
x: [3.52,-3.52,3.58,-3.58,3.57,-3.57,.0,-.02,.02,.01,-.01,];
y: [.04,.04,-.13,-.13,-.06,-.06,-.45,-1.53,-1.53,1.62,1.62,];
25.74
Fittest 310
x: [3.52,-3.52,3.58,-3.58,3.57,-3.57,.0,-.02,.02,.01,-.01,];
y: [.04,.04,-.13,-.13,-.06,-.06,-.45,-1.53,-1.53,1.62,1.62,];
25.74
Fittest 311
x: [3.52,-3.52,3.58,-3.58,3.57,-3.57,.0,-.02,.02,.01,-.01,];
y: [.04,.04,-.13,-.13,-.06,-.06,-.45,-1.53,-1.53,1.62,1.62,];
25.74
Fittest 312
x: [3.52,-3.52,3.58,-3.58,3.57,-3.57,.0,-.02,.02,.01,-.01,];
y: [.04,.04,-.13,-.13,-.06,-.06,-.45,-1.53,-1.53,1.62,1.62,];
25.74
Fittest 313
x: [3.52,-3.52,3.58,-3.58,3.57,-3.57,.0,-.02,.02,.01,-.01,];
y: [.04,.04,-.13,-.13,-.06,-.06,-.45,-1.53,-1.53,1.62,1.62,];
25.74
Fittest 314
x: [3.52,-3.52,3.58,-3.58,3.57,-3.57,.0,-.02,.02,.01,-.01,];
y: [.04,.04,-.13,-.13,-.06,-.06,-.45,-1.53,-1.53,1.62,1.62,];
25.74
Fittest 315
x: [3.52,-3.52,3.65,-3.65,3.57,-3.57,.0,-.02,.02,.01,-.01,];
y: [.04,.04,.06,.06,-.06,-.06,.14,-1.53,-1.53,1.62,1.62,];
25.74
Fittest 316
x: [3.52,-3.52,3.65,-3.65,3.57,-3.57,.0,-.02,.02,.01,-.01,];
y: [.04,.04,.06,.06,-.06,-.06,.13,-1.53,-1.53,1.62,1.62,];
25.74
Fittest 317
x: [3.52,-3.52,3.65,-3.65,3.57,-3.57,.0,-.02,.02,.01,-.01,];
y: [.04,.04,.06,.06,-.06,-.06,.13,-1.53,-1.53,1.62,1.62,];
25.74
Fittest 318
x: [3.52,-3.52,3.65,-3.65,3.57,-3.57,.0,-.02,.02,.01,-.01,];
y: [.04,.04,.06,.06,-.06,-.06,.13,-1.53,-1.53,1.62,1.62,];
25.74
Fittest 319
x: [3.52,-3.52,3.65,-3.65,3.57,-3.57,.0,-.02,.02,.01,-.01,];
y: [.04,.04,.06,.06,-.06,-.06,.13,-1.53,-1.53,1.62,1.62,];
25.74
Fittest 320
x: [3.52,-3.52,3.65,-3.65,3.57,-3.57,.0,-.02,.02,.01,-.01,];
y: [.04,.04,.06,.06,-.06,-.06,.13,-1.53,-1.53,1.62,1.62,];
25.74
Fittest 321
x: [3.52,-3.52,3.65,-3.65,3.57,-3.57,.0,-.02,.02,.01,-.01,];
y: [.04,.04,.06,.06,-.06,-.06,.13,-1.53,-1.53,1.62,1.62,];
25.74
Fittest 322
x: [3.52,-3.52,3.65,-3.65,3.57,-3.57,.0,-.02,.02,.01,-.01,];
y: [.04,.04,.06,.06,-.06,-.06,.13,-1.53,-1.53,1.62,1.62,];
25.74
Fittest 323
x: [3.52,-3.52,3.65,-3.65,3.57,-3.57,.0,-.02,.02,.01,-.01,];
y: [.04,.04,.06,.06,-.06,-.06,.13,-1.53,-1.53,1.62,1.62,];
25.74
Fittest 324
x: [3.52,-3.52,3.65,-3.65,3.57,-3.57,.0,-.02,.02,.01,-.01,];
y: [.04,.04,.06,.06,-.06,-.06,-.36,-1.53,-1.53,1.62,1.62,];
25.73
Fittest 325
x: [3.52,-3.52,3.65,-3.65,3.57,-3.57,.0,-.02,.02,.01,-.01,];
y: [.04,.04,.06,.06,-.06,-.06,-.5,-1.53,-1.53,1.62,1.62,];
25.73
Fittest 326
x: [3.52,-3.52,3.65,-3.65,3.57,-3.57,.0,-.02,.02,.01,-.01,];
y: [.04,.04,.06,.06,-.06,-.06,-.5,-1.53,-1.53,1.62,1.62,];
25.73
Fittest 327
x: [3.52,-3.52,3.65,-3.65,3.57,-3.57,.0,-.02,.02,.01,-.01,];
y: [.04,.04,.06,.06,-.06,-.06,-.5,-1.53,-1.53,1.62,1.62,];
25.73
Fittest 328
x: [3.52,-3.52,3.65,-3.65,3.57,-3.57,.0,-.02,.02,.01,-.01,];
y: [.04,.04,.06,.06,-.06,-.06,-.58,-1.53,-1.53,1.62,1.62,];
25.73
Fittest 329
x: [3.52,-3.52,3.65,-3.65,3.57,-3.57,.0,-.02,.02,.01,-.01,];
y: [.04,.04,.06,.06,-.06,-.06,-.58,-1.53,-1.53,1.62,1.62,];
25.73
Fittest 330
x: [3.52,-3.52,3.65,-3.65,3.57,-3.57,.0,-.02,.02,.01,-.01,];
y: [.04,.04,.06,.06,-.06,-.06,-.54,-1.53,-1.53,1.62,1.62,];
25.73
Fittest 331
x: [3.52,-3.52,3.65,-3.65,3.57,-3.57,.0,-.02,.02,.01,-.01,];
y: [.04,.04,.06,.06,-.06,-.06,-.54,-1.53,-1.53,1.62,1.62,];
25.73
Fittest 332
x: [3.52,-3.52,3.65,-3.65,3.57,-3.57,.0,-.02,.02,.01,-.01,];
y: [.04,.04,.06,.06,-.06,-.06,-.54,-1.53,-1.53,1.62,1.62,];
25.73
Fittest 333
x: [3.52,-3.52,3.65,-3.65,3.57,-3.57,.0,-.02,.02,.01,-.01,];
y: [.04,.04,.06,.06,-.06,-.06,-.54,-1.53,-1.53,1.62,1.62,];
25.73
Fittest 334
x: [3.52,-3.52,3.65,-3.65,3.57,-3.57,.0,-.02,.02,.01,-.01,];
y: [.04,.04,.06,.06,-.06,-.06,-.54,-1.53,-1.53,1.62,1.62,];
25.73
Fittest 335
x: [3.52,-3.52,3.65,-3.65,3.57,-3.57,.0,-.02,.02,.01,-.01,];
y: [.04,.04,.06,.06,-.06,-.06,-.54,-1.53,-1.53,1.62,1.62,];
25.73
Fittest 336
x: [3.58,-3.58,3.65,-3.65,3.57,-3.57,.0,-.02,.02,.01,-.01,];
y: [.03,.03,.06,.06,-.06,-.06,-.54,-1.53,-1.53,1.62,1.62,];
25.72
Fittest 337
x: [3.58,-3.58,3.65,-3.65,3.57,-3.57,.0,-.02,.02,.01,-.01,];
y: [.03,.03,.06,.06,-.06,-.06,-.54,-1.53,-1.53,1.62,1.62,];
25.72
Fittest 338
x: [3.58,-3.58,3.65,-3.65,3.57,-3.57,.0,-.02,.02,.01,-.01,];
y: [.03,.03,.06,.06,-.06,-.06,-.54,-1.53,-1.53,1.62,1.62,];
25.72
Fittest 339
x: [3.59,-3.59,3.65,-3.65,3.57,-3.57,.0,-.02,.02,.01,-.01,];
y: [.0,.0,.06,.06,-.06,-.06,-.55,-1.53,-1.53,1.62,1.62,];
25.72
Fittest 340
x: [3.59,-3.59,3.65,-3.65,3.57,-3.57,.0,-.02,.02,.01,-.01,];
y: [.0,.0,.06,.06,-.06,-.06,-.55,-1.53,-1.53,1.62,1.62,];
25.72
Fittest 341
x: [3.59,-3.59,3.65,-3.65,3.57,-3.57,.0,-.02,.02,.01,-.01,];
y: [.0,.0,.06,.06,-.06,-.06,-.55,-1.53,-1.53,1.62,1.62,];
25.72
Fittest 342
x: [3.59,-3.59,3.65,-3.65,3.57,-3.57,.0,-.02,.02,.01,-.01,];
y: [.0,.0,.06,.06,-.06,-.06,-.55,-1.53,-1.53,1.62,1.62,];
25.72
Fittest 343
x: [3.59,-3.59,3.65,-3.65,3.57,-3.57,.0,-.02,.02,.01,-.01,];
y: [.0,.0,.06,.06,-.06,-.06,-.55,-1.53,-1.53,1.62,1.62,];
25.72
Fittest 344
x: [3.59,-3.59,3.65,-3.65,3.57,-3.57,.0,-.02,.02,.01,-.01,];
y: [.0,.0,.06,.06,-.06,-.06,-.55,-1.53,-1.53,1.62,1.62,];
25.72
Fittest 345
x: [3.59,-3.59,3.65,-3.65,3.57,-3.57,.0,-.02,.02,.01,-.01,];
y: [.0,.0,.06,.06,-.06,-.06,-.55,-1.53,-1.53,1.62,1.62,];
25.72
Fittest 346
x: [3.59,-3.59,3.65,-3.65,3.57,-3.57,.0,-.02,.02,.01,-.01,];
y: [.0,.0,.06,.06,-.06,-.06,-.55,-1.53,-1.53,1.62,1.62,];
25.72
Fittest 347
x: [3.59,-3.59,3.65,-3.65,3.57,-3.57,.0,-.02,.02,.01,-.01,];
y: [.0,.0,.06,.06,-.06,-.06,-.55,-1.53,-1.53,1.62,1.62,];
25.72
Fittest 348
x: [3.59,-3.59,3.65,-3.65,3.57,-3.57,.0,-.02,.02,.01,-.01,];
y: [.0,.0,.06,.06,-.06,-.06,-.55,-1.53,-1.53,1.62,1.62,];
25.72
Fittest 349
x: [3.59,-3.59,3.65,-3.65,3.57,-3.57,.0,-.02,.02,.01,-.01,];
y: [.0,.0,.06,.06,-.06,-.06,-.55,-1.53,-1.53,1.62,1.62,];
25.72
Fittest 350
x: [3.59,-3.59,3.65,-3.65,3.57,-3.57,.0,-.02,.02,.01,-.01,];
y: [.0,.0,.06,.06,-.06,-.06,-.55,-1.53,-1.53,1.62,1.62,];
25.72
Fittest 351
x: [3.59,-3.59,3.65,-3.65,3.57,-3.57,.0,-.02,.02,.01,-.01,];
y: [.0,.0,.06,.06,-.06,-.06,-.55,-1.53,-1.53,1.62,1.62,];
25.72
Fittest 352
x: [3.59,-3.59,3.65,-3.65,3.57,-3.57,.0,-.02,.02,.01,-.01,];
y: [.0,.0,.06,.06,-.06,-.06,-.55,-1.53,-1.53,1.62,1.62,];
25.72
Fittest 353
x: [3.59,-3.59,3.65,-3.65,3.57,-3.57,.0,-.02,.02,.01,-.01,];
y: [.0,.0,.06,.06,-.06,-.06,-.55,-1.53,-1.53,1.62,1.62,];
25.72
Fittest 354
x: [3.59,-3.59,3.65,-3.65,3.57,-3.57,.0,-.02,.02,.01,-.01,];
y: [.0,.0,.06,.06,-.06,-.06,-.55,-1.53,-1.53,1.62,1.62,];
25.72
Fittest 355
x: [3.59,-3.59,3.65,-3.65,3.57,-3.57,.0,-.02,.02,.01,-.01,];
y: [.0,.0,.06,.06,-.06,-.06,-.55,-1.53,-1.53,1.62,1.62,];
25.72
Fittest 356
x: [3.59,-3.59,3.65,-3.65,3.57,-3.57,.0,-.02,.02,.01,-.01,];
y: [.0,.0,.06,.06,-.06,-.06,-.55,-1.53,-1.53,1.62,1.62,];
25.72
Fittest 357
x: [3.59,-3.59,3.65,-3.65,3.57,-3.57,.0,-.02,.02,.01,-.01,];
y: [.0,.0,.06,.06,-.06,-.06,-.5,-1.53,-1.53,1.62,1.62,];
25.72
Fittest 358
x: [3.59,-3.59,3.65,-3.65,3.57,-3.57,.0,-.02,.02,.01,-.01,];
y: [.0,.0,.06,.06,-.06,-.06,-.52,-1.53,-1.53,1.62,1.62,];
25.72
Fittest 359
x: [3.59,-3.59,3.65,-3.65,3.57,-3.57,.0,-.02,.02,.01,-.01,];
y: [.0,.0,.06,.06,-.06,-.06,-.52,-1.53,-1.53,1.62,1.62,];
25.72
Fittest 360
x: [3.59,-3.59,3.65,-3.65,3.57,-3.57,.0,-.02,.02,.01,-.01,];
y: [.0,.0,.06,.06,-.06,-.06,-.52,-1.53,-1.53,1.62,1.62,];
25.72
Fittest 361
x: [3.59,-3.59,3.65,-3.65,3.57,-3.57,.0,-.02,.02,.01,-.01,];
y: [.0,.0,.06,.06,-.06,-.06,-.52,-1.53,-1.53,1.62,1.62,];
25.72
Fittest 362
x: [3.59,-3.59,3.65,-3.65,3.57,-3.57,.0,-.02,.02,.01,-.01,];
y: [.0,.0,.06,.06,-.06,-.06,-.52,-1.53,-1.53,1.62,1.62,];
25.72
Fittest 363
x: [3.59,-3.59,3.65,-3.65,3.62,-3.62,.0,-.02,.02,.01,-.01,];
y: [.0,.0,.06,.06,.02,.02,-.55,-1.53,-1.53,1.62,1.62,];
25.71
Fittest 364
x: [3.59,-3.59,3.65,-3.65,3.62,-3.62,.0,-.02,.02,.01,-.01,];
y: [.0,.0,.06,.06,.02,.02,-.55,-1.53,-1.53,1.62,1.62,];
25.71
Fittest 365
x: [3.59,-3.59,3.65,-3.65,3.62,-3.62,.0,-.02,.02,.01,-.01,];
y: [.0,.0,.06,.06,.02,.02,-.55,-1.53,-1.53,1.62,1.62,];
25.71
Fittest 366
x: [3.59,-3.59,3.65,-3.65,3.62,-3.62,.0,-.02,.02,.01,-.01,];
y: [.0,.0,.06,.06,.02,.02,-.55,-1.53,-1.53,1.62,1.62,];
25.71
Fittest 367
x: [3.59,-3.59,3.65,-3.65,3.62,-3.62,.0,-.02,.02,.01,-.01,];
y: [.0,.0,.06,.06,.02,.02,-.55,-1.53,-1.53,1.62,1.62,];
25.71
Fittest 368
x: [3.59,-3.59,3.65,-3.65,3.62,-3.62,.0,-.02,.02,.01,-.01,];
y: [.0,.0,.06,.06,.02,.02,-.55,-1.53,-1.53,1.62,1.62,];
25.71
Fittest 369
x: [3.59,-3.59,3.65,-3.65,3.62,-3.62,.0,-.02,.02,.01,-.01,];
y: [.0,.0,.06,.06,.02,.02,-.55,-1.53,-1.53,1.62,1.62,];
25.71
Fittest 370
x: [3.59,-3.59,3.65,-3.65,3.62,-3.62,.0,-.02,.02,.01,-.01,];
y: [.0,.0,.06,.06,.02,.02,-.55,-1.53,-1.53,1.62,1.62,];
25.71
Fittest 371
x: [3.59,-3.59,3.65,-3.65,3.62,-3.62,.0,-.02,.02,.01,-.01,];
y: [.0,.0,.06,.06,.02,.02,-.55,-1.53,-1.53,1.62,1.62,];
25.71
Fittest 372
x: [3.59,-3.59,3.65,-3.65,3.62,-3.62,.0,-.02,.02,.01,-.01,];
y: [.0,.0,.06,.06,.02,.02,-.55,-1.53,-1.53,1.62,1.62,];
25.71
Fittest 373
x: [3.59,-3.59,3.65,-3.65,3.62,-3.62,.0,-.02,.02,.01,-.01,];
y: [.0,.0,.06,.06,.02,.02,-.55,-1.53,-1.53,1.62,1.62,];
25.71
Fittest 374
x: [3.59,-3.59,3.65,-3.65,3.62,-3.62,.0,-.02,.02,.01,-.01,];
y: [.0,.0,.06,.06,.02,.02,-.55,-1.53,-1.53,1.62,1.62,];
25.71
Fittest 375
x: [3.59,-3.59,3.65,-3.65,3.62,-3.62,.0,-.02,.02,.01,-.01,];
y: [.0,.0,.06,.06,.02,.02,-.55,-1.53,-1.53,1.62,1.62,];
25.71
Fittest 376
x: [3.59,-3.59,3.65,-3.65,3.62,-3.62,.0,-.02,.02,.01,-.01,];
y: [.0,.0,.06,.06,.02,.02,-.55,-1.53,-1.53,1.62,1.62,];
25.71
Fittest 377
x: [3.59,-3.59,3.65,-3.65,3.62,-3.62,.0,-.02,.02,.01,-.01,];
y: [.0,.0,.06,.06,.02,.02,-.55,-1.53,-1.53,1.62,1.62,];
25.71
Fittest 378
x: [3.59,-3.59,3.65,-3.65,3.62,-3.62,.0,-.02,.02,.01,-.01,];
y: [.0,.0,.06,.06,.02,.02,-.55,-1.53,-1.53,1.62,1.62,];
25.71
Fittest 379
x: [3.59,-3.59,3.65,-3.65,3.62,-3.62,.0,-.02,.02,.01,-.01,];
y: [.0,.0,.06,.06,.02,.02,-.55,-1.53,-1.53,1.62,1.62,];
25.71
Fittest 380
x: [3.59,-3.59,3.65,-3.65,3.62,-3.62,.0,-.02,.02,.01,-.01,];
y: [.0,.0,.06,.06,.02,.02,-.55,-1.53,-1.53,1.62,1.62,];
25.71
Fittest 381
x: [3.59,-3.59,3.65,-3.65,3.62,-3.62,.0,-.02,.02,.01,-.01,];
y: [.0,.0,.06,.06,.02,.02,-.56,-1.53,-1.53,1.62,1.62,];
25.71
Fittest 382
x: [3.59,-3.59,3.65,-3.65,3.62,-3.62,.0,-.02,.02,.01,-.01,];
y: [.0,.0,.06,.06,.02,.02,-.56,-1.53,-1.53,1.62,1.62,];
25.71
Fittest 383
x: [3.59,-3.59,3.65,-3.65,3.62,-3.62,.0,-.02,.02,.01,-.01,];
y: [.0,.0,.06,.06,.02,.02,-.56,-1.53,-1.53,1.62,1.62,];
25.71
Fittest 384
x: [3.59,-3.59,3.65,-3.65,3.62,-3.62,.0,-.02,.02,.01,-.01,];
y: [.0,.0,.06,.06,.02,.02,-.56,-1.53,-1.53,1.62,1.62,];
25.71
Fittest 385
x: [3.59,-3.59,3.65,-3.65,3.62,-3.62,.0,-.02,.02,.01,-.01,];
y: [.0,.0,.06,.06,.02,.02,-.56,-1.53,-1.53,1.62,1.62,];
25.71
Fittest 386
x: [3.59,-3.59,3.65,-3.65,3.62,-3.62,.0,-.02,.02,.01,-.01,];
y: [.0,.0,.06,.06,.02,.02,-.56,-1.53,-1.53,1.62,1.62,];
25.71
Fittest 387
x: [3.59,-3.59,3.65,-3.65,3.62,-3.62,.0,-.02,.02,.01,-.01,];
y: [.0,.0,.06,.06,.02,.02,-.56,-1.53,-1.53,1.62,1.62,];
25.71
Fittest 388
x: [3.59,-3.59,3.65,-3.65,3.62,-3.62,.0,-.02,.02,.01,-.01,];
y: [.0,.0,.06,.06,.02,.02,-.56,-1.53,-1.53,1.62,1.62,];
25.71
Fittest 389
x: [3.59,-3.59,3.65,-3.65,3.62,-3.62,.0,-.02,.02,.01,-.01,];
y: [.0,.0,.06,.06,.02,.02,-.56,-1.53,-1.53,1.62,1.62,];
25.71
Fittest 390
x: [3.59,-3.59,3.65,-3.65,3.62,-3.62,.0,-.02,.02,.01,-.01,];
y: [.0,.0,.06,.06,.02,.02,-.56,-1.53,-1.53,1.62,1.62,];
25.71
Fittest 391
x: [3.59,-3.59,3.65,-3.65,3.62,-3.62,.0,-.02,.02,.01,-.01,];
y: [.0,.0,.06,.06,.02,.02,-.56,-1.53,-1.53,1.62,1.62,];
25.71
Fittest 392
x: [3.61,-3.61,3.65,-3.65,3.62,-3.62,.0,-.02,.02,.01,-.01,];
y: [.01,.01,.06,.06,.02,.02,-.55,-1.53,-1.53,1.62,1.62,];
25.71
Fittest 393
x: [3.59,-3.59,3.65,-3.65,3.62,-3.62,.0,-.02,.02,-.01,.01,];
y: [.0,.0,.06,.06,.02,.02,-.56,-1.53,-1.53,1.53,1.53,];
25.7
Fittest 394
x: [3.59,-3.59,3.65,-3.65,3.62,-3.62,.0,-.02,.02,-.01,.01,];
y: [.0,.0,.06,.06,.02,.02,-.56,-1.53,-1.53,1.53,1.53,];
25.7
Fittest 395
x: [3.59,-3.59,3.65,-3.65,3.62,-3.62,.0,-.02,.02,-.01,.01,];
y: [.0,.0,.06,.06,.02,.02,-.56,-1.53,-1.53,1.53,1.53,];
25.7
Fittest 396
x: [3.59,-3.59,3.65,-3.65,3.62,-3.62,.0,-.02,.02,-.01,.01,];
y: [.0,.0,.06,.06,.02,.02,-.56,-1.53,-1.53,1.53,1.53,];
25.7
Fittest 397
x: [3.59,-3.59,3.65,-3.65,3.62,-3.62,.0,-.02,.02,-.01,.01,];
y: [.0,.0,.06,.06,.02,.02,-.56,-1.53,-1.53,1.53,1.53,];
25.7
Fittest 398
x: [3.59,-3.59,3.65,-3.65,3.62,-3.62,.0,-.02,.02,-.01,.01,];
y: [.0,.0,.06,.06,.02,.02,-.56,-1.53,-1.53,1.53,1.53,];
25.7
Fittest 399
x: [3.59,-3.59,3.65,-3.65,3.62,-3.62,.0,-.02,.02,-.01,.01,];
y: [.0,.0,.06,.06,.02,.02,-.56,-1.53,-1.53,1.53,1.53,];
25.7
Fittest 400
x: [3.59,-3.59,3.65,-3.65,3.62,-3.62,.0,-.02,.02,-.01,.01,];
y: [.0,.0,.06,.06,.02,.02,-.47,-1.53,-1.53,1.53,1.53,];
25.7
Fittest 401
x: [3.59,-3.59,3.65,-3.65,3.62,-3.62,.0,-.02,.02,-.01,.01,];
y: [.0,.0,.06,.06,.02,.02,-.47,-1.53,-1.53,1.53,1.53,];
25.7
Fittest 402
x: [3.59,-3.59,3.65,-3.65,3.62,-3.62,.0,-.02,.02,-.01,.01,];
y: [.0,.0,.06,.06,.02,.02,-.47,-1.53,-1.53,1.53,1.53,];
25.7
Fittest 403
x: [3.59,-3.59,3.65,-3.65,3.62,-3.62,.0,-.02,.02,-.01,.01,];
y: [.0,.0,.06,.06,.02,.02,-.47,-1.53,-1.53,1.53,1.53,];
25.7
Fittest 404
x: [3.59,-3.59,3.65,-3.65,3.66,-3.66,.0,-.02,.02,-.01,.01,];
y: [.0,.0,.06,.06,-.01,-.01,-.56,-1.53,-1.53,1.53,1.53,];
25.69
Fittest 405
x: [3.59,-3.59,3.65,-3.65,3.66,-3.66,.0,-.02,.02,-.01,.01,];
y: [.0,.0,.06,.06,-.01,-.01,-.56,-1.53,-1.53,1.53,1.53,];
25.69
Fittest 406
x: [3.65,-3.65,3.65,-3.65,3.62,-3.62,.0,-.02,.02,-.01,.01,];
y: [-.06,-.06,.06,.06,.02,.02,-.56,-1.53,-1.53,1.53,1.53,];
25.69
Fittest 407
x: [3.65,-3.65,3.65,-3.65,3.62,-3.62,.0,-.02,.02,-.01,.01,];
y: [-.06,-.06,.06,.06,.02,.02,-.56,-1.53,-1.53,1.53,1.53,];
25.69
Fittest 408
x: [3.65,-3.65,3.65,-3.65,3.62,-3.62,.0,-.02,.02,-.01,.01,];
y: [-.06,-.06,.06,.06,.02,.02,-.56,-1.53,-1.53,1.53,1.53,];
25.69
Fittest 409
x: [3.65,-3.65,3.65,-3.65,3.62,-3.62,.0,-.02,.02,-.01,.01,];
y: [-.06,-.06,.06,.06,.02,.02,-.56,-1.53,-1.53,1.53,1.53,];
25.69
Fittest 410
x: [3.65,-3.65,3.65,-3.65,3.62,-3.62,.0,-.02,.02,-.01,.01,];
y: [-.06,-.06,.06,.06,.02,.02,-.56,-1.53,-1.53,1.53,1.53,];
25.69
Fittest 411
x: [3.65,-3.65,3.65,-3.65,3.62,-3.62,.0,-.02,.02,-.01,.01,];
y: [-.06,-.06,.06,.06,.02,.02,-.56,-1.53,-1.53,1.53,1.53,];
25.69
Fittest 412
x: [3.65,-3.65,3.65,-3.65,3.62,-3.62,.0,-.02,.02,-.01,.01,];
y: [-.06,-.06,.06,.06,.02,.02,-.53,-1.53,-1.53,1.53,1.53,];
25.69
Fittest 413
x: [3.65,-3.65,3.65,-3.65,3.62,-3.62,.0,-.02,.02,-.01,.01,];
y: [-.06,-.06,.06,.06,.02,.02,-.53,-1.53,-1.53,1.53,1.53,];
25.69
Fittest 414
x: [3.65,-3.65,3.65,-3.65,3.62,-3.62,.0,-.02,.02,-.01,.01,];
y: [-.06,-.06,.06,.06,.02,.02,-.53,-1.53,-1.53,1.53,1.53,];
25.69
Fittest 415
x: [3.65,-3.65,3.65,-3.65,3.62,-3.62,.0,-.02,.02,-.01,.01,];
y: [-.06,-.06,.06,.06,.02,.02,-.46,-1.53,-1.53,1.53,1.53,];
25.69
Fittest 416
x: [3.65,-3.65,3.65,-3.65,3.62,-3.62,.0,-.02,.02,-.01,.01,];
y: [-.06,-.06,.06,.06,.02,.02,-.46,-1.53,-1.53,1.53,1.53,];
25.69
Fittest 417
x: [3.65,-3.65,3.65,-3.65,3.62,-3.62,.0,-.02,.02,-.01,.01,];
y: [-.06,-.06,.06,.06,.02,.02,-.46,-1.53,-1.53,1.53,1.53,];
25.69
Fittest 418
x: [3.65,-3.65,3.65,-3.65,3.62,-3.62,.0,-.02,.02,-.01,.01,];
y: [-.06,-.06,.06,.06,.02,.02,-.46,-1.53,-1.53,1.53,1.53,];
25.69
Fittest 419
x: [3.65,-3.65,3.65,-3.65,3.62,-3.62,.0,-.02,.02,-.01,.01,];
y: [-.06,-.06,.06,.06,.02,.02,-.48,-1.53,-1.53,1.53,1.53,];
25.69
Fittest 420
x: [3.65,-3.65,3.65,-3.65,3.62,-3.62,.0,-.02,.02,-.01,.01,];
y: [-.06,-.06,.06,.06,.02,.02,-.48,-1.53,-1.53,1.53,1.53,];
25.69
Fittest 421
x: [3.65,-3.65,3.65,-3.65,3.62,-3.62,.0,-.02,.02,-.01,.01,];
y: [-.06,-.06,.06,.06,.02,.02,-.48,-1.53,-1.53,1.53,1.53,];
25.69
Fittest 422
x: [3.65,-3.65,3.65,-3.65,3.62,-3.62,.0,-.02,.02,-.01,.01,];
y: [-.06,-.06,.06,.06,.02,.02,-.48,-1.53,-1.53,1.53,1.53,];
25.69
Fittest 423
x: [3.65,-3.65,3.65,-3.65,3.62,-3.62,.0,-.02,.02,-.01,.01,];
y: [-.06,-.06,.06,.06,.02,.02,-.48,-1.53,-1.53,1.53,1.53,];
25.69
Fittest 424
x: [3.65,-3.65,3.65,-3.65,3.62,-3.62,.0,-.02,.02,-.01,.01,];
y: [-.06,-.06,.06,.06,.02,.02,-.48,-1.53,-1.53,1.53,1.53,];
25.69
Fittest 425
x: [3.65,-3.65,3.65,-3.65,3.62,-3.62,.0,-.02,.02,-.01,.01,];
y: [-.06,-.06,.06,.06,.02,.02,-.48,-1.53,-1.53,1.53,1.53,];
25.69
Fittest 426
x: [3.65,-3.65,3.65,-3.65,3.62,-3.62,.0,-.02,.02,-.01,.01,];
y: [-.06,-.06,.06,.06,.02,.02,-.48,-1.53,-1.53,1.53,1.53,];
25.69
Fittest 427
x: [3.65,-3.65,3.65,-3.65,3.62,-3.62,.0,-.02,.02,-.01,.01,];
y: [-.06,-.06,.06,.06,.02,.02,-.48,-1.53,-1.53,1.53,1.53,];
25.69
Fittest 428
x: [3.65,-3.65,3.65,-3.65,3.62,-3.62,.0,-.02,.02,-.01,.01,];
y: [-.06,-.06,.06,.06,.02,.02,-.48,-1.53,-1.53,1.53,1.53,];
25.69
Fittest 429
x: [3.65,-3.65,3.65,-3.65,3.62,-3.62,.0,-.02,.02,-.01,.01,];
y: [-.06,-.06,.06,.06,.02,.02,-.48,-1.53,-1.53,1.53,1.53,];
25.69
Fittest 430
x: [3.65,-3.65,3.65,-3.65,3.62,-3.62,.0,-.02,.02,-.01,.01,];
y: [-.06,-.06,.06,.06,.02,.02,-.48,-1.53,-1.53,1.53,1.53,];
25.69
Fittest 431
x: [3.65,-3.65,3.65,-3.65,3.62,-3.62,.0,-.02,.02,-.01,.01,];
y: [-.06,-.06,.06,.06,.02,.02,-.48,-1.53,-1.53,1.53,1.53,];
25.69
Fittest 432
x: [3.65,-3.65,3.65,-3.65,3.62,-3.62,.0,-.02,.02,-.01,.01,];
y: [-.06,-.06,.06,.06,.02,.02,-.48,-1.53,-1.53,1.53,1.53,];
25.69
Fittest 433
x: [3.65,-3.65,3.65,-3.65,3.62,-3.62,.0,-.02,.02,-.01,.01,];
y: [-.06,-.06,.06,.06,.02,.02,-.48,-1.53,-1.53,1.53,1.53,];
25.69
Fittest 434
x: [3.65,-3.65,3.65,-3.65,3.62,-3.62,.0,-.02,.02,-.01,.01,];
y: [-.06,-.06,.06,.06,.02,.02,-.48,-1.53,-1.53,1.53,1.53,];
25.69
Fittest 435
x: [3.65,-3.65,3.65,-3.65,3.62,-3.62,.0,-.02,.02,-.01,.01,];
y: [-.06,-.06,.06,.06,.02,.02,-.48,-1.53,-1.53,1.53,1.53,];
25.69
Fittest 436
x: [3.65,-3.65,3.65,-3.65,3.62,-3.62,.0,-.02,.02,-.01,.01,];
y: [-.06,-.06,.06,.06,.02,.02,-.48,-1.53,-1.53,1.53,1.53,];
25.69
Fittest 437
x: [3.65,-3.65,3.65,-3.65,3.62,-3.62,.0,-.02,.02,-.01,.01,];
y: [-.06,-.06,.06,.06,.02,.02,-.48,-1.53,-1.53,1.53,1.53,];
25.69
Fittest 438
x: [3.65,-3.65,3.65,-3.65,3.62,-3.62,.0,-.02,.02,-.01,.01,];
y: [-.06,-.06,.06,.06,.02,.02,-.48,-1.53,-1.53,1.53,1.53,];
25.69
Fittest 439
x: [3.65,-3.65,3.65,-3.65,3.62,-3.62,.0,-.02,.02,-.01,.01,];
y: [-.06,-.06,.02,.02,.02,.02,-.48,-1.53,-1.53,1.53,1.53,];
25.69
Fittest 440
x: [3.65,-3.65,3.65,-3.65,3.62,-3.62,.0,-.02,.02,-.01,.01,];
y: [-.06,-.06,.02,.02,.02,.02,-.48,-1.53,-1.53,1.53,1.53,];
25.69
Fittest 441
x: [3.65,-3.65,3.65,-3.65,3.62,-3.62,.0,-.02,.02,-.01,.01,];
y: [-.06,-.06,.02,.02,.02,.02,-.48,-1.53,-1.53,1.53,1.53,];
25.69
Fittest 442
x: [3.65,-3.65,3.65,-3.65,3.62,-3.62,.0,-.02,.02,-.01,.01,];
y: [-.06,-.06,.02,.02,.02,.02,-.48,-1.53,-1.53,1.53,1.53,];
25.69
Fittest 443
x: [3.65,-3.65,3.65,-3.65,3.62,-3.62,.0,-.02,.02,-.01,.01,];
y: [-.06,-.06,.02,.02,.02,.02,-.46,-1.53,-1.53,1.53,1.53,];
25.69
Fittest 444
x: [3.65,-3.65,3.65,-3.65,3.62,-3.62,.0,-.02,.02,-.01,.01,];
y: [-.06,-.06,.02,.02,.02,.02,.54,-1.53,-1.53,1.53,1.53,];
25.69
Fittest 445
x: [3.65,-3.65,3.65,-3.65,3.62,-3.62,.0,-.02,.02,-.01,.01,];
y: [-.06,-.06,.02,.02,.02,.02,.54,-1.53,-1.53,1.53,1.53,];
25.69
Fittest 446
x: [3.65,-3.65,3.65,-3.65,3.62,-3.62,.0,-.02,.02,-.01,.01,];
y: [-.06,-.06,.02,.02,.02,.02,.54,-1.53,-1.53,1.53,1.53,];
25.69
Fittest 447
x: [3.65,-3.65,3.65,-3.65,3.65,-3.65,.0,-.02,.02,-.01,.01,];
y: [-.06,-.06,.06,.06,-.05,-.05,-.48,-1.53,-1.53,1.53,1.53,];
25.69
Fittest 448
x: [3.65,-3.65,3.65,-3.65,3.65,-3.65,.0,-.02,.02,-.01,.01,];
y: [-.06,-.06,.06,.06,-.05,-.05,-.48,-1.53,-1.53,1.53,1.53,];
25.69
Fittest 449
x: [3.65,-3.65,3.65,-3.65,3.65,-3.65,.0,-.02,.02,-.01,.01,];
y: [-.06,-.06,.06,.06,-.05,-.05,-.48,-1.53,-1.53,1.53,1.53,];
25.69
Fittest 450
x: [3.65,-3.65,3.65,-3.65,3.65,-3.65,.0,-.02,.02,-.01,.01,];
y: [-.06,-.06,.06,.06,-.05,-.05,-.48,-1.53,-1.53,1.53,1.53,];
25.69
Fittest 451
x: [3.65,-3.65,3.65,-3.65,3.65,-3.65,.0,-.02,.02,-.01,.01,];
y: [-.06,-.06,.06,.06,-.05,-.05,-.48,-1.53,-1.53,1.53,1.53,];
25.69
Fittest 452
x: [3.65,-3.65,3.65,-3.65,3.65,-3.65,.0,-.02,.02,-.01,.01,];
y: [-.06,-.06,.06,.06,-.05,-.05,-.48,-1.53,-1.53,1.53,1.53,];
25.69
Fittest 453
x: [3.65,-3.65,3.65,-3.65,3.65,-3.65,.0,-.02,.02,-.01,.01,];
y: [-.06,-.06,.06,.06,-.05,-.05,-.48,-1.53,-1.53,1.53,1.53,];
25.69
Fittest 454
x: [3.65,-3.65,3.65,-3.65,3.65,-3.65,.0,-.02,.02,-.01,.01,];
y: [-.06,-.06,.06,.06,-.05,-.05,-.48,-1.53,-1.53,1.53,1.53,];
25.69
Fittest 455
x: [3.65,-3.65,3.65,-3.65,3.65,-3.65,.0,-.02,.02,-.01,.01,];
y: [-.06,-.06,.06,.06,-.05,-.05,-.48,-1.53,-1.53,1.53,1.53,];
25.69
Fittest 456
x: [3.65,-3.65,3.65,-3.65,3.65,-3.65,.0,-.02,.02,-.01,.01,];
y: [-.06,-.06,.06,.06,-.05,-.05,-.48,-1.53,-1.53,1.53,1.53,];
25.69
Fittest 457
x: [3.65,-3.65,3.65,-3.65,3.65,-3.65,.0,-.02,.02,-.01,.01,];
y: [-.06,-.06,.06,.06,-.05,-.05,-.48,-1.53,-1.53,1.53,1.53,];
25.69
Fittest 458
x: [3.65,-3.65,3.65,-3.65,3.65,-3.65,.0,-.02,.02,-.01,.01,];
y: [-.06,-.06,.06,.06,-.05,-.05,-.48,-1.53,-1.53,1.53,1.53,];
25.69
Fittest 459
x: [3.65,-3.65,3.65,-3.65,3.65,-3.65,.0,-.02,.02,-.01,.01,];
y: [-.06,-.06,.06,.06,-.05,-.05,-.48,-1.53,-1.53,1.53,1.53,];
25.69
Fittest 460
x: [3.65,-3.65,3.65,-3.65,3.65,-3.65,.0,-.02,.02,-.01,.01,];
y: [-.06,-.06,.06,.06,-.05,-.05,.32,-1.53,-1.53,1.53,1.53,];
25.69
Fittest 461
x: [3.65,-3.65,3.65,-3.65,3.65,-3.65,.0,-.02,.02,-.01,.01,];
y: [-.06,-.06,.06,.06,-.05,-.05,.38,-1.53,-1.53,1.53,1.53,];
25.69
Fittest 462
x: [3.65,-3.65,3.65,-3.65,3.65,-3.65,.0,-.02,.02,-.01,.01,];
y: [-.06,-.06,.06,.06,-.05,-.05,.38,-1.53,-1.53,1.53,1.53,];
25.69
Fittest 463
x: [3.65,-3.65,3.65,-3.65,3.65,-3.65,.0,-.02,.02,-.01,.01,];
y: [-.06,-.06,.06,.06,-.05,-.05,.46,-1.53,-1.53,1.53,1.53,];
25.69
Fittest 464
x: [3.65,-3.65,3.65,-3.65,3.65,-3.65,.0,-.02,.02,-.01,.01,];
y: [-.06,-.06,.06,.06,-.05,-.05,.46,-1.53,-1.53,1.53,1.53,];
25.69
Fittest 465
x: [3.65,-3.65,3.65,-3.65,3.65,-3.65,.0,-.02,.02,-.01,.01,];
y: [-.06,-.06,.06,.06,-.05,-.05,.46,-1.53,-1.53,1.53,1.53,];
25.69
Fittest 466
x: [3.65,-3.65,3.65,-3.65,3.65,-3.65,.0,-.02,.02,-.01,.01,];
y: [-.06,-.06,.06,.06,-.05,-.05,.46,-1.53,-1.53,1.53,1.53,];
25.69
Fittest 467
x: [3.65,-3.65,3.65,-3.65,3.65,-3.65,.0,-.02,.02,-.01,.01,];
y: [-.06,-.06,.06,.06,-.05,-.05,.53,-1.53,-1.53,1.53,1.53,];
25.69
Fittest 468
x: [3.65,-3.65,3.65,-3.65,3.65,-3.65,.0,-.02,.02,-.01,.01,];
y: [-.06,-.06,.06,.06,-.05,-.05,.53,-1.53,-1.53,1.53,1.53,];
25.69
Fittest 469
x: [3.65,-3.65,3.65,-3.65,3.65,-3.65,.0,-.02,.02,-.01,.01,];
y: [-.06,-.06,.06,.06,-.05,-.05,.53,-1.53,-1.53,1.53,1.53,];
25.69
Fittest 470
x: [3.65,-3.65,3.65,-3.65,3.65,-3.65,.0,-.02,.02,-.01,.01,];
y: [-.06,-.06,.06,.06,-.05,-.05,.53,-1.53,-1.53,1.53,1.53,];
25.69
Fittest 471
x: [3.67,-3.67,3.65,-3.65,3.65,-3.65,.0,-.02,.02,-.01,.01,];
y: [.0,.0,.06,.06,-.05,-.05,-.48,-1.53,-1.53,1.53,1.53,];
25.68
Fittest 472
x: [3.67,-3.67,3.65,-3.65,3.65,-3.65,.0,-.02,.02,-.01,.01,];
y: [.0,.0,.06,.06,-.05,-.05,-.48,-1.53,-1.53,1.53,1.53,];
25.68
Fittest 473
x: [3.67,-3.67,3.65,-3.65,3.65,-3.65,.0,-.02,.02,-.01,.01,];
y: [.0,.0,.06,.06,-.05,-.05,-.48,-1.53,-1.53,1.53,1.53,];
25.68
Fittest 474
x: [3.67,-3.67,3.65,-3.65,3.65,-3.65,.0,-.02,.02,-.01,.01,];
y: [.0,.0,.06,.06,-.05,-.05,-.48,-1.53,-1.53,1.53,1.53,];
25.68
Fittest 475
x: [3.67,-3.67,3.65,-3.65,3.65,-3.65,.0,-.02,.02,-.01,.01,];
y: [.0,.0,.06,.06,-.05,-.05,-.48,-1.53,-1.53,1.53,1.53,];
25.68
Fittest 476
x: [3.67,-3.67,3.65,-3.65,3.65,-3.65,.0,-.02,.02,-.01,.01,];
y: [.0,.0,.06,.06,-.05,-.05,-.48,-1.53,-1.53,1.53,1.53,];
25.68
Fittest 477
x: [3.67,-3.67,3.65,-3.65,3.65,-3.65,.0,-.02,.02,-.01,.01,];
y: [.0,.0,.06,.06,-.05,-.05,-.48,-1.53,-1.53,1.53,1.53,];
25.68
Fittest 478
x: [3.67,-3.67,3.65,-3.65,3.65,-3.65,.0,-.02,.02,-.01,.01,];
y: [.0,.0,.06,.06,-.05,-.05,-.48,-1.53,-1.53,1.53,1.53,];
25.68
Fittest 479
x: [3.67,-3.67,3.65,-3.65,3.65,-3.65,.0,-.02,.02,-.01,.01,];
y: [.0,.0,.06,.06,-.05,-.05,-.48,-1.53,-1.53,1.53,1.53,];
25.68
Fittest 480
x: [3.67,-3.67,3.65,-3.65,3.65,-3.65,.0,-.02,.02,-.01,.01,];
y: [.0,.0,.06,.06,-.05,-.05,-.48,-1.53,-1.53,1.53,1.53,];
25.68
Fittest 481
x: [3.67,-3.67,3.65,-3.65,3.65,-3.65,.0,-.02,.02,-.01,.01,];
y: [.0,.0,.06,.06,-.05,-.05,-.48,-1.53,-1.53,1.53,1.53,];
25.68
Fittest 482
x: [3.67,-3.67,3.65,-3.65,3.65,-3.65,.0,-.02,.02,-.01,.01,];
y: [.0,.0,.06,.06,-.05,-.05,-.48,-1.53,-1.53,1.53,1.53,];
25.68
Fittest 483
x: [3.67,-3.67,3.65,-3.65,3.65,-3.65,.0,-.02,.02,-.01,.01,];
y: [.0,.0,.06,.06,-.05,-.05,-.48,-1.53,-1.53,1.53,1.53,];
25.68
Fittest 484
x: [3.67,-3.67,3.65,-3.65,3.65,-3.65,.0,-.02,.02,-.01,.01,];
y: [.0,.0,.06,.06,-.05,-.05,-.48,-1.53,-1.53,1.53,1.53,];
25.68
Fittest 485
x: [3.67,-3.67,3.65,-3.65,3.65,-3.65,.0,-.02,.02,-.01,.01,];
y: [.0,.0,.06,.06,-.05,-.05,-.48,-1.53,-1.53,1.53,1.53,];
25.68
Fittest 486
x: [3.67,-3.67,3.65,-3.65,3.65,-3.65,.0,-.02,.02,-.01,.01,];
y: [.0,.0,.06,.06,-.05,-.05,-.48,-1.53,-1.53,1.53,1.53,];
25.68
Fittest 487
x: [3.67,-3.67,3.65,-3.65,3.65,-3.65,.0,-.02,.02,-.01,.01,];
y: [.0,.0,.06,.06,-.05,-.05,-.48,-1.53,-1.53,1.53,1.53,];
25.68
Fittest 488
x: [3.67,-3.67,3.65,-3.65,3.65,-3.65,.0,-.02,.02,-.01,.01,];
y: [.0,.0,.06,.06,-.05,-.05,-.48,-1.53,-1.53,1.53,1.53,];
25.68
Fittest 489
x: [3.67,-3.67,3.65,-3.65,3.65,-3.65,.0,-.02,.02,-.01,.01,];
y: [.0,.0,.06,.06,-.05,-.05,-.48,-1.53,-1.53,1.53,1.53,];
25.68
Fittest 490
x: [3.67,-3.67,3.65,-3.65,3.65,-3.65,.0,-.02,.02,-.01,.01,];
y: [.0,.0,.06,.06,-.05,-.05,-.48,-1.53,-1.53,1.53,1.53,];
25.68
Fittest 491
x: [3.67,-3.67,3.65,-3.65,3.65,-3.65,.0,-.02,.02,-.01,.01,];
y: [.0,.0,.06,.06,-.05,-.05,-.48,-1.53,-1.53,1.53,1.53,];
25.68
Fittest 492
x: [3.67,-3.67,3.65,-3.65,3.65,-3.65,.0,-.02,.02,-.01,.01,];
y: [.0,.0,.06,.06,-.05,-.05,-.48,-1.53,-1.53,1.53,1.53,];
25.68
Fittest 493
x: [3.67,-3.67,3.65,-3.65,3.65,-3.65,.0,-.02,.02,-.01,.01,];
y: [.0,.0,.06,.06,-.05,-.05,-.48,-1.53,-1.53,1.53,1.53,];
25.68
Fittest 494
x: [3.67,-3.67,3.65,-3.65,3.65,-3.65,.0,-.02,.02,-.01,.01,];
y: [.0,.0,.06,.06,-.05,-.05,-.48,-1.53,-1.53,1.53,1.53,];
25.68
Fittest 495
x: [3.67,-3.67,3.65,-3.65,3.65,-3.65,.0,-.02,.02,-.01,.01,];
y: [.0,.0,.06,.06,-.05,-.05,-.48,-1.53,-1.53,1.53,1.53,];
25.68
Fittest 496
x: [3.67,-3.67,3.65,-3.65,3.65,-3.65,.0,-.02,.02,-.01,.01,];
y: [.0,.0,.06,.06,-.05,-.05,-.48,-1.53,-1.53,1.53,1.53,];
25.68
Fittest 497
x: [3.67,-3.67,3.65,-3.65,3.65,-3.65,.0,-.02,.02,-.01,.01,];
y: [.0,.0,.06,.06,-.05,-.05,-.48,-1.53,-1.53,1.53,1.53,];
25.68
Fittest 498
x: [3.67,-3.67,3.65,-3.65,3.65,-3.65,.0,-.02,.02,-.01,.01,];
y: [.0,.0,.06,.06,-.05,-.05,-.48,-1.53,-1.53,1.53,1.53,];
25.68
Fittest 499
x: [3.67,-3.67,3.65,-3.65,3.65,-3.65,.0,-.02,.02,-.01,.01,];
y: [.0,.0,.06,.06,-.05,-.05,-.48,-1.53,-1.53,1.53,1.53,];
25.68
Fittest 500
x: [3.67,-3.67,3.65,-3.65,3.65,-3.65,.0,-.02,.02,-.01,.01,];
y: [.0,.0,.06,.06,-.05,-.05,-.48,-1.53,-1.53,1.53,1.53,];
25.68
Fittest 501
x: [3.67,-3.67,3.65,-3.65,3.65,-3.65,.0,-.02,.02,-.01,.01,];
y: [.0,.0,.06,.06,-.05,-.05,-.48,-1.53,-1.53,1.53,1.53,];
25.68
Fittest 502
x: [3.67,-3.67,3.65,-3.65,3.65,-3.65,.0,-.02,.02,-.01,.01,];
y: [.0,.0,.06,.06,-.05,-.05,-.48,-1.53,-1.53,1.53,1.53,];
25.68
Fittest 503
x: [3.67,-3.67,3.65,-3.65,3.65,-3.65,.0,-.02,.02,-.01,.01,];
y: [.0,.0,.06,.06,-.05,-.05,-.48,-1.53,-1.53,1.53,1.53,];
25.68
Fittest 504
x: [3.67,-3.67,3.65,-3.65,3.65,-3.65,.0,-.02,.02,-.01,.01,];
y: [.0,.0,.06,.06,-.05,-.05,-.48,-1.53,-1.53,1.53,1.53,];
25.68
Fittest 505
x: [3.67,-3.67,3.65,-3.65,3.65,-3.65,.0,-.02,.02,-.01,.01,];
y: [.0,.0,.06,.06,-.05,-.05,-.48,-1.53,-1.53,1.53,1.53,];
25.68
Fittest 506
x: [3.67,-3.67,3.65,-3.65,3.65,-3.65,.0,-.02,.02,-.01,.01,];
y: [.0,.0,.06,.06,-.05,-.05,-.48,-1.53,-1.53,1.53,1.53,];
25.68
Fittest 507
x: [3.67,-3.67,3.65,-3.65,3.65,-3.65,.0,-.02,.02,-.01,.01,];
y: [.0,.0,.06,.06,-.05,-.05,-.48,-1.53,-1.53,1.53,1.53,];
25.68
Fittest 508
x: [3.67,-3.67,3.65,-3.65,3.65,-3.65,.0,-.02,.02,-.01,.01,];
y: [.0,.0,.06,.06,-.05,-.05,-.48,-1.53,-1.53,1.53,1.53,];
25.68
Fittest 509
x: [3.67,-3.67,3.65,-3.65,3.65,-3.65,.0,-.02,.02,-.01,.01,];
y: [.0,.0,.06,.06,-.05,-.05,-.48,-1.53,-1.53,1.53,1.53,];
25.68
Fittest 510
x: [3.67,-3.67,3.65,-3.65,3.65,-3.65,.0,-.02,.02,-.01,.01,];
y: [.0,.0,.06,.06,-.05,-.05,-.48,-1.53,-1.53,1.53,1.53,];
25.68
Fittest 511
x: [3.67,-3.67,3.65,-3.65,3.65,-3.65,.0,-.02,.02,-.01,.01,];
y: [.0,.0,.06,.06,-.05,-.05,-.48,-1.53,-1.53,1.53,1.53,];
25.68
Fittest 512
x: [3.67,-3.67,3.65,-3.65,3.65,-3.65,.0,-.02,.02,-.01,.01,];
y: [.0,.0,.06,.06,-.05,-.05,-.48,-1.53,-1.53,1.53,1.53,];
25.68
Fittest 513
x: [3.67,-3.67,3.65,-3.65,3.65,-3.65,.0,-.02,.02,-.01,.01,];
y: [.0,.0,.06,.06,-.05,-.05,-.48,-1.53,-1.53,1.53,1.53,];
25.68
Fittest 514
x: [3.67,-3.67,3.65,-3.65,3.65,-3.65,.0,-.02,.02,-.01,.01,];
y: [.0,.0,.06,.06,-.05,-.05,-.48,-1.53,-1.53,1.53,1.53,];
25.68
Fittest 515
x: [3.67,-3.67,3.65,-3.65,3.65,-3.65,.0,-.02,.02,-.01,.01,];
y: [.0,.0,.06,.06,-.05,-.05,-.48,-1.53,-1.53,1.53,1.53,];
25.68
Fittest 516
x: [3.67,-3.67,3.65,-3.65,3.65,-3.65,.0,-.02,.02,-.01,.01,];
y: [.0,.0,.06,.06,-.05,-.05,-.48,-1.53,-1.53,1.53,1.53,];
25.68
Fittest 517
x: [3.67,-3.67,3.65,-3.65,3.65,-3.65,.0,-.02,.02,-.01,.01,];
y: [.0,.0,.06,.06,-.05,-.05,-.48,-1.53,-1.53,1.53,1.53,];
25.68
Fittest 518
x: [3.67,-3.67,3.65,-3.65,3.65,-3.65,.0,-.02,.02,-.01,.01,];
y: [.0,.0,.06,.06,-.05,-.05,-.48,-1.53,-1.53,1.53,1.53,];
25.68
Fittest 519
x: [3.67,-3.67,3.65,-3.65,3.65,-3.65,.0,-.02,.02,-.01,.01,];
y: [.0,.0,.06,.06,-.05,-.05,-.48,-1.53,-1.53,1.53,1.53,];
25.68
Fittest 520
x: [3.67,-3.67,3.65,-3.65,3.65,-3.65,.0,-.02,.02,-.01,.01,];
y: [.0,.0,.06,.06,-.05,-.05,-.48,-1.53,-1.53,1.53,1.53,];
25.68
Fittest 521
x: [3.67,-3.67,3.65,-3.65,3.65,-3.65,.0,-.02,.02,-.01,.01,];
y: [.0,.0,.06,.06,-.05,-.05,-.48,-1.53,-1.53,1.53,1.53,];
25.68
Fittest 522
x: [3.67,-3.67,3.65,-3.65,3.65,-3.65,.0,-.02,.02,-.01,.01,];
y: [.0,.0,.06,.06,-.05,-.05,-.48,-1.53,-1.53,1.53,1.53,];
25.68
Fittest 523
x: [3.67,-3.67,3.65,-3.65,3.65,-3.65,.0,-.02,.02,-.01,.01,];
y: [.0,.0,.06,.06,-.05,-.05,-.48,-1.53,-1.53,1.53,1.53,];
25.68
Fittest 524
x: [3.67,-3.67,3.65,-3.65,3.65,-3.65,.0,-.02,.02,-.01,.01,];
y: [.0,.0,.06,.06,-.05,-.05,-.48,-1.53,-1.53,1.53,1.53,];
25.68
Fittest 525
x: [3.67,-3.67,3.65,-3.65,3.65,-3.65,.0,-.02,.02,-.01,.01,];
y: [.0,.0,.06,.06,-.05,-.05,-.48,-1.53,-1.53,1.53,1.53,];
25.68
Fittest 526
x: [3.67,-3.67,3.65,-3.65,3.65,-3.65,.0,-.02,.02,-.01,.01,];
y: [.0,.0,.06,.06,-.05,-.05,-.48,-1.53,-1.53,1.53,1.53,];
25.68
Fittest 527
x: [3.67,-3.67,3.65,-3.65,3.65,-3.65,.0,-.02,.02,-.01,.01,];
y: [.0,.0,.06,.06,-.05,-.05,-.48,-1.53,-1.53,1.53,1.53,];
25.68
Fittest 528
x: [3.67,-3.67,3.65,-3.65,3.65,-3.65,.0,-.02,.02,-.01,.01,];
y: [.0,.0,.06,.06,-.05,-.05,-.48,-1.53,-1.53,1.53,1.53,];
25.68
Fittest 529
x: [3.67,-3.67,3.65,-3.65,3.65,-3.65,.0,-.02,.02,-.01,.01,];
y: [.0,.0,.06,.06,-.05,-.05,-.48,-1.53,-1.53,1.53,1.53,];
25.68
Fittest 530
x: [3.67,-3.67,3.65,-3.65,3.65,-3.65,.0,-.02,.02,-.01,.01,];
y: [.0,.0,.06,.06,-.05,-.05,-.48,-1.53,-1.53,1.53,1.53,];
25.68
Fittest 531
x: [3.67,-3.67,3.65,-3.65,3.65,-3.65,.0,-.02,.02,-.01,.01,];
y: [.0,.0,.06,.06,-.05,-.05,-.48,-1.53,-1.53,1.53,1.53,];
25.68
Fittest 532
x: [3.67,-3.67,3.65,-3.65,3.65,-3.65,.0,-.02,.02,-.01,.01,];
y: [.0,.0,.06,.06,-.05,-.05,-.48,-1.53,-1.53,1.53,1.53,];
25.68
Fittest 533
x: [3.67,-3.67,3.65,-3.65,3.65,-3.65,.0,-.02,.02,-.01,.01,];
y: [.0,.0,.06,.06,-.05,-.05,-.48,-1.53,-1.53,1.53,1.53,];
25.68
Fittest 534
x: [3.67,-3.67,3.65,-3.65,3.65,-3.65,.0,-.02,.02,-.01,.01,];
y: [.0,.0,.06,.06,-.05,-.05,-.48,-1.53,-1.53,1.53,1.53,];
25.68
Fittest 535
x: [3.67,-3.67,3.65,-3.65,3.65,-3.65,.0,-.02,.02,-.01,.01,];
y: [.0,.0,.06,.06,-.05,-.05,-.48,-1.53,-1.53,1.53,1.53,];
25.68
Fittest 536
x: [3.67,-3.67,3.65,-3.65,3.65,-3.65,.0,-.02,.02,-.01,.01,];
y: [.0,.0,.06,.06,-.05,-.05,-.48,-1.53,-1.53,1.53,1.53,];
25.68
Fittest 537
x: [3.67,-3.67,3.65,-3.65,3.65,-3.65,.0,-.02,.02,-.01,.01,];
y: [.0,.0,.06,.06,-.05,-.05,-.48,-1.53,-1.53,1.53,1.53,];
25.68
Fittest 538
x: [3.67,-3.67,3.65,-3.65,3.65,-3.65,.0,-.02,.02,-.01,.01,];
y: [.0,.0,.06,.06,-.05,-.05,-.48,-1.53,-1.53,1.53,1.53,];
25.68
Fittest 539
x: [3.67,-3.67,3.65,-3.65,3.65,-3.65,.0,-.02,.02,-.01,.01,];
y: [.0,.0,.06,.06,-.05,-.05,-.48,-1.53,-1.53,1.53,1.53,];
25.68
Fittest 540
x: [3.67,-3.67,3.65,-3.65,3.65,-3.65,.0,-.02,.02,-.01,.01,];
y: [.0,.0,.06,.06,-.05,-.05,-.48,-1.53,-1.53,1.53,1.53,];
25.68
Fittest 541
x: [3.67,-3.67,3.65,-3.65,3.65,-3.65,.0,-.02,.02,-.01,.01,];
y: [.0,.0,.06,.06,-.05,-.05,-.48,-1.53,-1.53,1.53,1.53,];
25.68
Fittest 542
x: [3.67,-3.67,3.65,-3.65,3.65,-3.65,.0,-.02,.02,-.01,.01,];
y: [.0,.0,.06,.06,-.05,-.05,-.48,-1.53,-1.53,1.53,1.53,];
25.68
Fittest 543
x: [3.67,-3.67,3.65,-3.65,3.65,-3.65,.0,-.02,.02,-.01,.01,];
y: [.0,.0,.06,.06,-.05,-.05,-.48,-1.53,-1.53,1.53,1.53,];
25.68
Fittest 544
x: [3.67,-3.67,3.65,-3.65,3.65,-3.65,.0,-.02,.02,-.01,.01,];
y: [.0,.0,.06,.06,-.05,-.05,-.48,-1.53,-1.53,1.53,1.53,];
25.68
Fittest 545
x: [3.67,-3.67,3.65,-3.65,3.65,-3.65,.0,-.02,.02,-.01,.01,];
y: [.0,.0,.06,.06,-.05,-.05,-.48,-1.53,-1.53,1.53,1.53,];
25.68
Fittest 546
x: [3.67,-3.67,3.65,-3.65,3.65,-3.65,.0,-.02,.02,-.01,.01,];
y: [.0,.0,.06,.06,-.05,-.05,-.48,-1.53,-1.53,1.53,1.53,];
25.68
Fittest 547
x: [3.67,-3.67,3.65,-3.65,3.65,-3.65,.0,-.02,.02,-.01,.01,];
y: [.0,.0,.06,.06,-.05,-.05,-.48,-1.53,-1.53,1.53,1.53,];
25.68
Fittest 548
x: [3.67,-3.67,3.65,-3.65,3.65,-3.65,.0,-.02,.02,-.01,.01,];
y: [.0,.0,.06,.06,-.05,-.05,-.48,-1.53,-1.53,1.53,1.53,];
25.68
Fittest 549
x: [3.67,-3.67,3.65,-3.65,3.65,-3.65,.0,-.02,.02,-.01,.01,];
y: [.0,.0,.06,.06,-.05,-.05,-.48,-1.53,-1.53,1.53,1.53,];
25.68
Fittest 550
x: [3.67,-3.67,3.65,-3.65,3.65,-3.65,.0,-.02,.02,-.01,.01,];
y: [.0,.0,.06,.06,-.05,-.05,-.48,-1.53,-1.53,1.53,1.53,];
25.68
Fittest 551
x: [3.67,-3.67,3.65,-3.65,3.65,-3.65,.0,-.02,.02,-.01,.01,];
y: [.0,.0,.06,.06,-.05,-.05,-.48,-1.53,-1.53,1.53,1.53,];
25.68
Fittest 552
x: [3.67,-3.67,3.65,-3.65,3.65,-3.65,.0,-.02,.02,-.01,.01,];
y: [.0,.0,.06,.06,-.05,-.05,-.48,-1.53,-1.53,1.53,1.53,];
25.68
Fittest 553
x: [3.67,-3.67,3.65,-3.65,3.65,-3.65,.0,-.02,.02,-.01,.01,];
y: [.0,.0,.06,.06,-.05,-.05,-.48,-1.53,-1.53,1.53,1.53,];
25.68
Fittest 554
x: [3.67,-3.67,3.65,-3.65,3.65,-3.65,.0,-.02,.02,-.01,.01,];
y: [.0,.0,.06,.06,-.05,-.05,-.48,-1.53,-1.53,1.53,1.53,];
25.68
Fittest 555
x: [3.67,-3.67,3.65,-3.65,3.65,-3.65,.0,-.02,.02,-.01,.01,];
y: [.0,.0,.06,.06,-.05,-.05,-.48,-1.53,-1.53,1.53,1.53,];
25.68
Fittest 556
x: [3.67,-3.67,3.65,-3.65,3.65,-3.65,.0,-.02,.02,-.01,.01,];
y: [.0,.0,.06,.06,-.05,-.05,-.48,-1.53,-1.53,1.53,1.53,];
25.68
Fittest 557
x: [3.67,-3.67,3.65,-3.65,3.65,-3.65,.0,-.02,.02,-.01,.01,];
y: [.0,.0,.06,.06,-.05,-.05,-.48,-1.53,-1.53,1.53,1.53,];
25.68
Fittest 558
x: [3.67,-3.67,3.65,-3.65,3.65,-3.65,.0,-.02,.02,-.01,.01,];
y: [.0,.0,.06,.06,-.05,-.05,-.48,-1.53,-1.53,1.53,1.53,];
25.68
Fittest 559
x: [3.67,-3.67,3.65,-3.65,3.65,-3.65,.0,-.02,.02,-.01,.01,];
y: [.0,.0,.06,.06,-.05,-.05,-.48,-1.53,-1.53,1.53,1.53,];
25.68
Fittest 560
x: [3.67,-3.67,3.65,-3.65,3.65,-3.65,.0,-.02,.02,-.01,.01,];
y: [.0,.0,.06,.06,-.05,-.05,-.48,-1.53,-1.53,1.53,1.53,];
25.68
Fittest 561
x: [3.67,-3.67,3.65,-3.65,3.65,-3.65,.0,-.02,.02,-.01,.01,];
y: [.0,.0,.06,.06,-.05,-.05,-.48,-1.53,-1.53,1.53,1.53,];
25.68
Fittest 562
x: [3.67,-3.67,3.65,-3.65,3.65,-3.65,.0,-.02,.02,-.01,.01,];
y: [.0,.0,.06,.06,-.05,-.05,-.48,-1.53,-1.53,1.53,1.53,];
25.68
Fittest 563
x: [3.67,-3.67,3.65,-3.65,3.65,-3.65,.0,-.02,.02,-.01,.01,];
y: [.0,.0,.06,.06,-.05,-.05,-.48,-1.53,-1.53,1.53,1.53,];
25.68
Fittest 564
x: [3.67,-3.67,3.65,-3.65,3.65,-3.65,.0,-.02,.02,-.01,.01,];
y: [.0,.0,.06,.06,-.05,-.05,-.48,-1.53,-1.53,1.53,1.53,];
25.68
Fittest 565
x: [3.67,-3.67,3.65,-3.65,3.65,-3.65,.0,-.02,.02,-.01,.01,];
y: [.0,.0,.06,.06,-.05,-.05,-.48,-1.53,-1.53,1.53,1.53,];
25.68
Fittest 566
x: [3.67,-3.67,3.65,-3.65,3.65,-3.65,.0,-.02,.02,-.01,.01,];
y: [.0,.0,.06,.06,-.05,-.05,-.48,-1.53,-1.53,1.53,1.53,];
25.68
Fittest 567
x: [3.67,-3.67,3.65,-3.65,3.65,-3.65,.0,-.02,.02,-.01,.01,];
y: [.0,.0,.06,.06,-.05,-.05,-.48,-1.53,-1.53,1.53,1.53,];
25.68
Fittest 568
x: [3.67,-3.67,3.65,-3.65,3.65,-3.65,.0,-.01,.01,-.01,.01,];
y: [.0,.0,.06,.06,-.05,-.05,-.48,-1.5,-1.5,1.53,1.53,];
25.68
Fittest 569
x: [3.67,-3.67,3.65,-3.65,3.65,-3.65,.0,-.01,.01,-.01,.01,];
y: [.0,.0,.06,.06,-.05,-.05,-.48,-1.5,-1.5,1.53,1.53,];
25.68
Fittest 570
x: [3.67,-3.67,3.65,-3.65,3.65,-3.65,.0,-.01,.01,-.01,.01,];
y: [.0,.0,.06,.06,-.05,-.05,-.48,-1.5,-1.5,1.53,1.53,];
25.68
Fittest 571
x: [3.67,-3.67,3.65,-3.65,3.65,-3.65,.0,-.01,.01,-.01,.01,];
y: [.0,.0,.06,.06,-.05,-.05,-.48,-1.5,-1.5,1.53,1.53,];
25.68
Fittest 572
x: [3.67,-3.67,3.65,-3.65,3.65,-3.65,.0,-.01,.01,-.01,.01,];
y: [.0,.0,.06,.06,-.05,-.05,-.48,-1.5,-1.5,1.53,1.53,];
25.68
Fittest 573
x: [3.67,-3.67,3.65,-3.65,3.65,-3.65,.0,-.01,.01,-.01,.01,];
y: [.0,.0,.06,.06,-.05,-.05,-.48,-1.5,-1.5,1.53,1.53,];
25.68
Fittest 574
x: [3.67,-3.67,3.65,-3.65,3.65,-3.65,.0,-.01,.01,-.01,.01,];
y: [.0,.0,.06,.06,-.05,-.05,-.48,-1.5,-1.5,1.53,1.53,];
25.68
Fittest 575
x: [3.67,-3.67,3.65,-3.65,3.65,-3.65,.0,-.01,.01,-.01,.01,];
y: [.0,.0,.06,.06,-.05,-.05,-.48,-1.5,-1.5,1.53,1.53,];
25.68
Fittest 576
x: [3.67,-3.67,3.65,-3.65,3.65,-3.65,.0,-.01,.01,-.01,.01,];
y: [.0,.0,.06,.06,-.05,-.05,-.48,-1.5,-1.5,1.53,1.53,];
25.68
Fittest 577
x: [3.67,-3.67,3.65,-3.65,3.65,-3.65,.0,-.01,.01,-.01,.01,];
y: [.0,.0,.06,.06,-.05,-.05,-.48,-1.5,-1.5,1.53,1.53,];
25.68
Fittest 578
x: [3.67,-3.67,3.65,-3.65,3.65,-3.65,.0,-.01,.01,-.01,.01,];
y: [.0,.0,.06,.06,-.05,-.05,-.48,-1.5,-1.5,1.53,1.53,];
25.68
Fittest 579
x: [3.67,-3.67,3.65,-3.65,3.65,-3.65,.0,-.01,.01,-.01,.01,];
y: [.0,.0,.06,.06,-.05,-.05,-.48,-1.5,-1.5,1.53,1.53,];
25.68
Fittest 580
x: [3.67,-3.67,3.65,-3.65,3.65,-3.65,.0,-.01,.01,-.01,.01,];
y: [.0,.0,.06,.06,-.05,-.05,-.48,-1.5,-1.5,1.53,1.53,];
25.68
Fittest 581
x: [3.67,-3.67,3.65,-3.65,3.65,-3.65,.0,-.01,.01,-.01,.01,];
y: [.0,.0,.06,.06,-.05,-.05,-.48,-1.5,-1.5,1.53,1.53,];
25.68
Fittest 582
x: [3.67,-3.67,3.65,-3.65,3.65,-3.65,.0,-.01,.01,-.01,.01,];
y: [.0,.0,.06,.06,-.05,-.05,-.48,-1.5,-1.5,1.53,1.53,];
25.68
Fittest 583
x: [3.67,-3.67,3.65,-3.65,3.65,-3.65,.0,-.01,.01,-.01,.01,];
y: [.0,.0,.06,.06,-.05,-.05,-.48,-1.5,-1.5,1.53,1.53,];
25.68
Fittest 584
x: [3.67,-3.67,3.65,-3.65,3.65,-3.65,.0,-.01,.01,-.01,.01,];
y: [.0,.0,.06,.06,-.05,-.05,-.48,-1.5,-1.5,1.53,1.53,];
25.68
Fittest 585
x: [3.67,-3.67,3.65,-3.65,3.65,-3.65,.0,-.01,.01,-.01,.01,];
y: [.0,.0,.06,.06,-.05,-.05,-.48,-1.5,-1.5,1.53,1.53,];
25.68
Fittest 586
x: [3.67,-3.67,3.65,-3.65,3.65,-3.65,.0,-.01,.01,-.01,.01,];
y: [.0,.0,.06,.06,-.05,-.05,-.49,-1.5,-1.5,1.53,1.53,];
25.68
Fittest 587
x: [3.67,-3.67,3.65,-3.65,3.65,-3.65,.0,-.01,.01,-.01,.01,];
y: [.0,.0,.06,.06,-.05,-.05,-.5,-1.5,-1.5,1.53,1.53,];
25.68
Fittest 588
x: [3.67,-3.67,3.65,-3.65,3.65,-3.65,.0,-.01,.01,-.01,.01,];
y: [.0,.0,.06,.06,-.05,-.05,-.5,-1.5,-1.5,1.53,1.53,];
25.68
Fittest 589
x: [3.67,-3.67,3.65,-3.65,3.65,-3.65,.0,-.01,.01,-.01,.01,];
y: [.0,.0,.06,.06,-.05,-.05,-.5,-1.5,-1.5,1.53,1.53,];
25.68
Fittest 590
x: [3.67,-3.67,3.65,-3.65,3.65,-3.65,.0,-.01,.01,-.01,.01,];
y: [.0,.0,.06,.06,-.05,-.05,-.5,-1.5,-1.5,1.53,1.53,];
25.68
Fittest 591
x: [3.67,-3.67,3.65,-3.65,3.65,-3.65,.0,-.01,.01,-.01,.01,];
y: [.0,.0,.06,.06,-.05,-.05,-.5,-1.5,-1.5,1.53,1.53,];
25.68
Fittest 592
x: [3.67,-3.67,3.65,-3.65,3.65,-3.65,.0,-.01,.01,-.01,.01,];
y: [.0,.0,.06,.06,-.05,-.05,-.5,-1.5,-1.5,1.53,1.53,];
25.68
Fittest 593
x: [3.67,-3.67,3.65,-3.65,3.65,-3.65,.0,-.01,.01,-.01,.01,];
y: [.0,.0,.06,.06,-.05,-.05,-.5,-1.5,-1.5,1.53,1.53,];
25.68
Fittest 594
x: [3.67,-3.67,3.65,-3.65,3.65,-3.65,.0,-.01,.01,-.01,.01,];
y: [.0,.0,.06,.06,-.05,-.05,-.5,-1.5,-1.5,1.53,1.53,];
25.68
Fittest 595
x: [3.67,-3.67,3.65,-3.65,3.65,-3.65,.0,-.01,.01,-.01,.01,];
y: [.0,.0,.06,.06,-.05,-.05,-.5,-1.5,-1.5,1.53,1.53,];
25.68
Fittest 596
x: [3.67,-3.67,3.65,-3.65,3.65,-3.65,.0,-.01,.01,-.01,.01,];
y: [.0,.0,.06,.06,-.05,-.05,-.5,-1.5,-1.5,1.53,1.53,];
25.68
Fittest 597
x: [3.67,-3.67,3.65,-3.65,3.65,-3.65,.0,-.01,.01,-.01,.01,];
y: [.0,.0,.06,.06,-.05,-.05,-.5,-1.5,-1.5,1.53,1.53,];
25.68
Fittest 598
x: [3.67,-3.67,3.65,-3.65,3.65,-3.65,.0,-.01,.01,-.01,.01,];
y: [.0,.0,.06,.06,-.05,-.05,-.5,-1.5,-1.5,1.53,1.53,];
25.68
Fittest 599
x: [3.67,-3.67,3.65,-3.65,3.65,-3.65,.0,-.01,.01,-.01,.01,];
y: [.0,.0,.06,.06,-.05,-.05,-.5,-1.5,-1.5,1.53,1.53,];
25.68
Fittest 600
x: [3.67,-3.67,3.65,-3.65,3.65,-3.65,.0,-.01,.01,-.01,.01,];
y: [.0,.0,.06,.06,-.05,-.05,-.5,-1.5,-1.5,1.53,1.53,];
25.68
Fittest 601
x: [3.67,-3.67,3.65,-3.65,3.65,-3.65,.0,-.01,.01,-.01,.01,];
y: [.0,.0,.06,.06,-.05,-.05,-.5,-1.5,-1.5,1.53,1.53,];
25.68
Fittest 602
x: [3.67,-3.67,3.65,-3.65,3.65,-3.65,.0,-.01,.01,-.01,.01,];
y: [.0,.0,.06,.06,-.05,-.05,-.5,-1.5,-1.5,1.53,1.53,];
25.68
Fittest 603
x: [3.67,-3.67,3.65,-3.65,3.65,-3.65,.0,-.01,.01,-.01,.01,];
y: [.0,.0,.06,.06,-.05,-.05,-.5,-1.5,-1.5,1.53,1.53,];
25.68
Fittest 604
x: [3.67,-3.67,3.65,-3.65,3.65,-3.65,.0,-.01,.01,-.01,.01,];
y: [.0,.0,.06,.06,-.05,-.05,-.5,-1.5,-1.5,1.53,1.53,];
25.68
Fittest 605
x: [3.67,-3.67,3.65,-3.65,3.65,-3.65,.0,-.01,.01,-.01,.01,];
y: [.0,.0,.06,.06,-.05,-.05,-.5,-1.5,-1.5,1.53,1.53,];
25.68
Fittest 606
x: [3.67,-3.67,3.65,-3.65,3.65,-3.65,.0,-.01,.01,-.01,.01,];
y: [.0,.0,.06,.06,-.05,-.05,-.5,-1.5,-1.5,1.53,1.53,];
25.68
Fittest 607
x: [3.67,-3.67,3.65,-3.65,3.65,-3.65,.0,-.01,.01,-.01,.01,];
y: [.0,.0,.06,.06,-.05,-.05,-.5,-1.5,-1.5,1.53,1.53,];
25.68
Fittest 608
x: [3.67,-3.67,3.65,-3.65,3.65,-3.65,.0,-.01,.01,-.01,.01,];
y: [.0,.0,.06,.06,-.05,-.05,-.5,-1.5,-1.5,1.53,1.53,];
25.68
Fittest 609
x: [3.67,-3.67,3.65,-3.65,3.65,-3.65,.0,-.01,.01,-.01,.01,];
y: [.0,.0,.06,.06,-.05,-.05,-.5,-1.5,-1.5,1.53,1.53,];
25.68
Fittest 610
x: [3.67,-3.67,3.65,-3.65,3.65,-3.65,.0,-.01,.01,-.01,.01,];
y: [.0,.0,.06,.06,-.05,-.05,-.5,-1.5,-1.5,1.53,1.53,];
25.68
Fittest 611
x: [3.67,-3.67,3.65,-3.65,3.65,-3.65,.0,-.01,.01,-.01,.01,];
y: [.0,.0,.06,.06,-.05,-.05,-.5,-1.5,-1.5,1.53,1.53,];
25.68
Fittest 612
x: [3.67,-3.67,3.65,-3.65,3.65,-3.65,.0,-.01,.01,-.01,.01,];
y: [.0,.0,.06,.06,-.05,-.05,-.5,-1.5,-1.5,1.53,1.53,];
25.68
Fittest 613
x: [3.67,-3.67,3.65,-3.65,3.65,-3.65,.0,-.01,.01,-.01,.01,];
y: [.0,.0,.06,.06,-.05,-.05,-.5,-1.5,-1.5,1.53,1.53,];
25.68
Fittest 614
x: [3.67,-3.67,3.65,-3.65,3.65,-3.65,.0,-.01,.01,-.01,.01,];
y: [.0,.0,.06,.06,-.05,-.05,-.5,-1.5,-1.5,1.53,1.53,];
25.68
Fittest 615
x: [3.67,-3.67,3.65,-3.65,3.65,-3.65,.0,-.01,.01,-.01,.01,];
y: [.0,.0,.06,.06,-.05,-.05,-.5,-1.5,-1.5,1.53,1.53,];
25.68
Fittest 616
x: [3.67,-3.67,3.65,-3.65,3.65,-3.65,.0,-.01,.01,-.01,.01,];
y: [.0,.0,.06,.06,-.05,-.05,-.5,-1.5,-1.5,1.53,1.53,];
25.68
Fittest 617
x: [3.67,-3.67,3.65,-3.65,3.65,-3.65,.0,-.01,.01,-.01,.01,];
y: [.0,.0,.06,.06,-.05,-.05,-.5,-1.5,-1.5,1.53,1.53,];
25.68
Fittest 618
x: [3.67,-3.67,3.65,-3.65,3.65,-3.65,.0,-.01,.01,-.01,.01,];
y: [.0,.0,.06,.06,-.05,-.05,-.5,-1.5,-1.5,1.53,1.53,];
25.68
Fittest 619
x: [3.67,-3.67,3.65,-3.65,3.65,-3.65,.0,-.01,.01,-.01,.01,];
y: [.0,.0,.06,.06,-.05,-.05,-.5,-1.5,-1.5,1.53,1.53,];
25.68
Fittest 620
x: [3.67,-3.67,3.65,-3.65,3.65,-3.65,.0,-.01,.01,-.01,.01,];
y: [.0,.0,.06,.06,-.05,-.05,-.5,-1.5,-1.5,1.53,1.53,];
25.68
Fittest 621
x: [3.67,-3.67,3.65,-3.65,3.65,-3.65,.0,-.01,.01,-.01,.01,];
y: [.0,.0,.06,.06,-.05,-.05,-.5,-1.5,-1.5,1.53,1.53,];
25.68
Fittest 622
x: [3.67,-3.67,3.65,-3.65,3.65,-3.65,.0,-.01,.01,-.01,.01,];
y: [.0,.0,.06,.06,-.05,-.05,-.5,-1.5,-1.5,1.53,1.53,];
25.68
Fittest 623
x: [3.67,-3.67,3.65,-3.65,3.65,-3.65,.0,-.01,.01,-.01,.01,];
y: [.0,.0,.06,.06,-.05,-.05,-.5,-1.5,-1.5,1.53,1.53,];
25.68
Fittest 624
x: [3.67,-3.67,3.65,-3.65,3.65,-3.65,.0,-.01,.01,-.01,.01,];
y: [.0,.0,.06,.06,-.05,-.05,-.5,-1.5,-1.5,1.53,1.53,];
25.68
Fittest 625
x: [3.67,-3.67,3.65,-3.65,3.65,-3.65,.0,-.01,.01,-.01,.01,];
y: [.0,.0,.06,.06,-.05,-.05,-.5,-1.5,-1.5,1.53,1.53,];
25.68
Fittest 626
x: [3.67,-3.67,3.66,-3.66,3.65,-3.65,.0,-.01,.01,-.01,.01,];
y: [.0,.0,-.02,-.02,-.05,-.05,-.5,-1.5,-1.5,1.53,1.53,];
25.68
Fittest 627
x: [3.67,-3.67,3.66,-3.66,3.65,-3.65,.0,-.01,.01,-.01,.01,];
y: [.0,.0,-.02,-.02,-.05,-.05,-.5,-1.5,-1.5,1.53,1.53,];
25.68
Fittest 628
x: [3.67,-3.67,3.66,-3.66,3.65,-3.65,.0,-.01,.01,-.01,.01,];
y: [.0,.0,-.02,-.02,-.05,-.05,-.5,-1.5,-1.5,1.53,1.53,];
25.68
Fittest 629
x: [3.67,-3.67,3.66,-3.66,3.65,-3.65,.0,-.01,.01,-.01,.01,];
y: [.0,.0,-.02,-.02,-.05,-.05,-.5,-1.5,-1.5,1.53,1.53,];
25.68
Fittest 630
x: [3.67,-3.67,3.66,-3.66,3.65,-3.65,.0,-.01,.01,-.01,.01,];
y: [.0,.0,-.02,-.02,-.05,-.05,-.5,-1.5,-1.5,1.53,1.53,];
25.68
Fittest 631
x: [3.67,-3.67,3.66,-3.66,3.65,-3.65,.0,-.01,.01,-.01,.01,];
y: [.0,.0,-.02,-.02,-.05,-.05,-.5,-1.5,-1.5,1.53,1.53,];
25.68
Fittest 632
x: [3.67,-3.67,3.66,-3.66,3.65,-3.65,.0,-.01,.01,-.01,.01,];
y: [.0,.0,-.02,-.02,-.05,-.05,-.5,-1.5,-1.5,1.53,1.53,];
25.68
Fittest 633
x: [3.67,-3.67,3.66,-3.66,3.65,-3.65,.0,-.01,.01,-.01,.01,];
y: [.0,.0,-.02,-.02,-.05,-.05,-.5,-1.5,-1.5,1.53,1.53,];
25.68
Fittest 634
x: [3.67,-3.67,3.66,-3.66,3.65,-3.65,.0,-.01,.01,-.01,.01,];
y: [.0,.0,-.02,-.02,-.05,-.05,-.5,-1.5,-1.5,1.53,1.53,];
25.68
Fittest 635
x: [3.67,-3.67,3.66,-3.66,3.65,-3.65,.0,-.01,.01,-.01,.01,];
y: [.0,.0,-.02,-.02,-.05,-.05,-2.46,-1.5,-1.5,1.53,1.53,];
25.68
Fittest 636
x: [3.67,-3.67,3.66,-3.66,3.65,-3.65,.0,-.01,.01,-.01,.01,];
y: [.0,.0,-.02,-.02,-.05,-.05,-2.46,-1.5,-1.5,1.53,1.53,];
25.68
Fittest 637
x: [3.67,-3.67,3.66,-3.66,3.65,-3.65,.0,-.01,.01,-.01,.01,];
y: [.0,.0,-.02,-.02,-.05,-.05,-2.46,-1.5,-1.5,1.53,1.53,];
25.68
Fittest 638
x: [3.67,-3.67,3.66,-3.66,3.65,-3.65,.0,-.01,.01,-.01,.01,];
y: [.0,.0,-.02,-.02,-.05,-.05,-2.46,-1.5,-1.5,1.53,1.53,];
25.68
Fittest 639
x: [3.67,-3.67,3.66,-3.66,3.65,-3.65,.0,-.01,.01,-.01,.01,];
y: [.0,.0,-.02,-.02,-.05,-.05,-2.46,-1.5,-1.5,1.53,1.53,];
25.68
Fittest 640
x: [3.67,-3.67,3.66,-3.66,3.65,-3.65,.0,-.01,.01,-.01,.01,];
y: [.0,.0,-.02,-.02,-.05,-.05,-2.46,-1.5,-1.5,1.53,1.53,];
25.68
Fittest 641
x: [3.67,-3.67,3.66,-3.66,3.65,-3.65,.0,-.01,.01,-.01,.01,];
y: [.0,.0,-.02,-.02,-.05,-.05,-2.46,-1.5,-1.5,1.53,1.53,];
25.68
Fittest 642
x: [3.67,-3.67,3.66,-3.66,3.65,-3.65,.0,-.01,.01,-.01,.01,];
y: [.0,.0,-.02,-.02,-.05,-.05,-2.46,-1.5,-1.5,1.53,1.53,];
25.68
Fittest 643
x: [3.67,-3.67,3.66,-3.66,3.65,-3.65,.0,-.01,.01,-.01,.01,];
y: [.0,.0,-.02,-.02,-.05,-.05,-2.46,-1.5,-1.5,1.53,1.53,];
25.68
Fittest 644
x: [3.67,-3.67,3.66,-3.66,3.65,-3.65,.0,-.01,.01,-.01,.01,];
y: [.0,.0,-.02,-.02,-.05,-.05,-2.46,-1.5,-1.5,1.53,1.53,];
25.68
Fittest 645
x: [3.67,-3.67,3.66,-3.66,3.65,-3.65,.0,-.01,.01,-.01,.01,];
y: [.0,.0,-.02,-.02,-.05,-.05,-2.46,-1.5,-1.5,1.53,1.53,];
25.68
Fittest 646
x: [3.67,-3.67,3.66,-3.66,3.65,-3.65,.0,-.01,.01,-.01,.01,];
y: [.0,.0,-.02,-.02,-.05,-.05,-2.46,-1.5,-1.5,1.53,1.53,];
25.68
Fittest 647
x: [3.67,-3.67,3.66,-3.66,3.67,-3.67,.0,-.01,.01,-.01,.01,];
y: [.0,.0,-.02,-.02,.04,.04,-.5,-1.5,-1.5,1.53,1.53,];
25.67
Fittest 648
x: [3.67,-3.67,3.66,-3.66,3.67,-3.67,.0,-.01,.01,-.01,.01,];
y: [.0,.0,-.02,-.02,.04,.04,-.5,-1.5,-1.5,1.53,1.53,];
25.67
Fittest 649
x: [3.67,-3.67,3.66,-3.66,3.67,-3.67,.0,-.01,.01,-.01,.01,];
y: [.0,.0,-.02,-.02,.04,.04,-.5,-1.5,-1.5,1.53,1.53,];
25.67
Fittest 650
x: [3.67,-3.67,3.66,-3.66,3.67,-3.67,.0,-.01,.01,-.01,.01,];
y: [.0,.0,-.02,-.02,.04,.04,-.5,-1.5,-1.5,1.53,1.53,];
25.67
Fittest 651
x: [3.67,-3.67,3.66,-3.66,3.67,-3.67,.0,-.01,.01,-.01,.01,];
y: [.0,.0,-.02,-.02,.04,.04,-.5,-1.5,-1.5,1.53,1.53,];
25.67
Fittest 652
x: [3.67,-3.67,3.66,-3.66,3.67,-3.67,.0,-.01,.01,-.01,.01,];
y: [.0,.0,-.02,-.02,.04,.04,-.5,-1.5,-1.5,1.53,1.53,];
25.67
Fittest 653
x: [3.67,-3.67,3.66,-3.66,3.67,-3.67,.0,-.01,.01,-.01,.01,];
y: [.0,.0,-.02,-.02,.04,.04,-.5,-1.5,-1.5,1.53,1.53,];
25.67
Fittest 654
x: [3.67,-3.67,3.66,-3.66,3.67,-3.67,.0,-.01,.01,-.01,.01,];
y: [.0,.0,-.02,-.02,.04,.04,-.5,-1.5,-1.5,1.53,1.53,];
25.67
Fittest 655
x: [3.67,-3.67,3.66,-3.66,3.67,-3.67,.0,-.01,.01,-.01,.01,];
y: [.0,.0,-.02,-.02,.04,.04,-.5,-1.5,-1.5,1.53,1.53,];
25.67
Fittest 656
x: [3.67,-3.67,3.66,-3.66,3.67,-3.67,.0,-.01,.01,-.01,.01,];
y: [.0,.0,-.02,-.02,.04,.04,-.5,-1.5,-1.5,1.53,1.53,];
25.67
Fittest 657
x: [3.67,-3.67,3.66,-3.66,3.67,-3.67,.0,-.01,.01,-.01,.01,];
y: [.0,.0,-.02,-.02,.04,.04,-.5,-1.5,-1.5,1.53,1.53,];
25.67
Fittest 658
x: [3.67,-3.67,3.66,-3.66,3.67,-3.67,.0,-.01,.01,-.01,.01,];
y: [.0,.0,-.02,-.02,.04,.04,-.5,-1.5,-1.5,1.53,1.53,];
25.67
Fittest 659
x: [3.67,-3.67,3.66,-3.66,3.67,-3.67,.0,-.01,.01,-.01,.01,];
y: [.0,.0,-.02,-.02,.04,.04,-.5,-1.5,-1.5,1.53,1.53,];
25.67
Fittest 660
x: [3.67,-3.67,3.66,-3.66,3.67,-3.67,.0,-.01,.01,-.01,.01,];
y: [.0,.0,-.02,-.02,.04,.04,-.5,-1.5,-1.5,1.53,1.53,];
25.67
Fittest 661
x: [3.67,-3.67,3.66,-3.66,3.67,-3.67,.0,-.01,.01,-.01,.01,];
y: [.0,.0,-.02,-.02,.04,.04,-.5,-1.5,-1.5,1.53,1.53,];
25.67
Fittest 662
x: [3.67,-3.67,3.66,-3.66,3.67,-3.67,.0,-.01,.01,-.01,.01,];
y: [.0,.0,-.02,-.02,.04,.04,-.5,-1.5,-1.5,1.53,1.53,];
25.67
Fittest 663
x: [3.67,-3.67,3.66,-3.66,3.67,-3.67,.0,-.01,.01,-.01,.01,];
y: [.0,.0,-.02,-.02,.04,.04,-.5,-1.5,-1.5,1.53,1.53,];
25.67
Fittest 664
x: [3.67,-3.67,3.66,-3.66,3.67,-3.67,.0,-.01,.01,-.01,.01,];
y: [.0,.0,-.02,-.02,.04,.04,-.5,-1.5,-1.5,1.53,1.53,];
25.67
Fittest 665
x: [3.67,-3.67,3.66,-3.66,3.67,-3.67,.0,-.01,.01,-.01,.01,];
y: [.0,.0,-.02,-.02,.04,.04,-.5,-1.5,-1.5,1.53,1.53,];
25.67
Fittest 666
x: [3.67,-3.67,3.66,-3.66,3.67,-3.67,.0,-.01,.01,-.01,.01,];
y: [.0,.0,-.02,-.02,.04,.04,-.5,-1.5,-1.5,1.53,1.53,];
25.67
Fittest 667
x: [3.67,-3.67,3.66,-3.66,3.67,-3.67,.0,-.01,.01,-.01,.01,];
y: [.0,.0,-.02,-.02,.04,.04,-.5,-1.5,-1.5,1.53,1.53,];
25.67
Fittest 668
x: [3.67,-3.67,3.66,-3.66,3.67,-3.67,.0,-.01,.01,-.01,.01,];
y: [.0,.0,-.02,-.02,.04,.04,-.5,-1.5,-1.5,1.53,1.53,];
25.67
Fittest 669
x: [3.67,-3.67,3.66,-3.66,3.67,-3.67,.0,-.01,.01,-.01,.01,];
y: [.0,.0,-.02,-.02,.04,.04,-.5,-1.5,-1.5,1.53,1.53,];
25.67
Fittest 670
x: [3.67,-3.67,3.66,-3.66,3.67,-3.67,.0,-.01,.01,-.01,.01,];
y: [.0,.0,-.02,-.02,.04,.04,-.5,-1.5,-1.5,1.53,1.53,];
25.67
Fittest 671
x: [3.67,-3.67,3.66,-3.66,3.67,-3.67,.0,-.01,.01,-.01,.01,];
y: [.0,.0,-.02,-.02,.04,.04,-.5,-1.5,-1.5,1.53,1.53,];
25.67
Fittest 672
x: [3.67,-3.67,3.66,-3.66,3.67,-3.67,.0,-.01,.01,-.01,.01,];
y: [.0,.0,-.02,-.02,.04,.04,-.5,-1.5,-1.5,1.53,1.53,];
25.67
Fittest 673
x: [3.67,-3.67,3.66,-3.66,3.67,-3.67,.0,-.01,.01,-.01,.01,];
y: [.0,.0,-.02,-.02,.04,.04,-.5,-1.5,-1.5,1.53,1.53,];
25.67
Fittest 674
x: [3.67,-3.67,3.66,-3.66,3.67,-3.67,.0,-.01,.01,-.01,.01,];
y: [.0,.0,-.02,-.02,.04,.04,-.5,-1.5,-1.5,1.53,1.53,];
25.67
Fittest 675
x: [3.67,-3.67,3.66,-3.66,3.67,-3.67,.0,-.01,.01,-.01,.01,];
y: [.0,.0,-.02,-.02,.04,.04,-.5,-1.5,-1.5,1.53,1.53,];
25.67
