Fittest 0
x: [.04,-.04,1.52,-1.52,.0,-.0,.0,2.71,-2.71,2.2,-2.2,];
y: [-1.61,-1.61,1.19,1.19,-1.28,-1.28,.0,.94,.94,.62,.62,];
27.1
Fittest 1
x: [.04,-.04,1.52,-1.52,.0,-.0,.0,2.71,-2.71,2.2,-2.2,];
y: [-1.61,-1.61,1.19,1.19,-1.28,-1.28,.0,.94,.94,.62,.62,];
27.1
Fittest 2
x: [1.58,-1.58,3.95,-3.95,2.21,-2.21,.0,1.52,-1.52,.08,-.08,];
y: [1.43,1.43,-1.26,-1.26,1.03,1.03,.0,.86,.86,-1.84,-1.84,];
26.96
Fittest 3
x: [1.58,-1.58,3.95,-3.95,2.21,-2.21,.0,1.52,-1.52,.08,-.08,];
y: [1.43,1.43,-1.26,-1.26,1.03,1.03,.0,.86,.86,-1.84,-1.84,];
26.96
Fittest 4
x: [.29,-.29,-.13,.13,.16,-.16,.0,3.5,-3.5,2.07,-2.07,];
y: [-.34,-.34,-.44,-.44,.7,.7,-.13,-.91,-.91,2.51,2.51,];
26.7
Fittest 5
x: [.29,-.29,-.13,.13,.16,-.16,.0,3.5,-3.5,2.07,-2.07,];
y: [-.34,-.34,-.44,-.44,.7,.7,-.13,-.91,-.91,2.51,2.51,];
26.7
Fittest 6
x: [.29,-.29,-.13,.13,.16,-.16,.0,3.5,-3.5,2.07,-2.07,];
y: [-.34,-.34,-.44,-.44,.7,.7,-.13,-.91,-.91,2.51,2.51,];
26.7
Fittest 7
x: [.29,-.29,-.13,.13,.16,-.16,.0,3.5,-3.5,2.07,-2.07,];
y: [-.34,-.34,-.44,-.44,.7,.7,-.13,-.91,-.91,2.51,2.51,];
26.7
Fittest 8
x: [.29,-.29,.34,-.34,-.01,.01,.0,3.5,-3.5,2.07,-2.07,];
y: [-.34,-.34,-1.19,-1.19,-.36,-.36,-.13,-.91,-.91,2.51,2.51,];
26.24
Fittest 9
x: [.29,-.29,.34,-.34,-.01,.01,.0,3.5,-3.5,2.07,-2.07,];
y: [-.34,-.34,-1.19,-1.19,-.36,-.36,-.13,-.91,-.91,2.51,2.51,];
26.24
Fittest 10
x: [.29,-.29,-.13,.13,.49,-.49,.0,3.5,-3.5,2.07,-2.07,];
y: [-.34,-.34,-.44,-.44,-.8,-.8,-.13,-.91,-.91,2.51,2.51,];
26.1
Fittest 11
x: [.29,-.29,-.22,.22,.13,-.13,.0,3.5,-3.5,2.07,-2.07,];
y: [-.34,-.34,-.57,-.57,-.7,-.7,-.13,-.91,-.91,2.51,2.51,];
25.97
Fittest 12
x: [.29,-.29,-.22,.22,.13,-.13,.0,3.5,-3.5,2.07,-2.07,];
y: [-.34,-.34,-.57,-.57,-.7,-.7,-.13,-.91,-.91,2.51,2.51,];
25.97
Fittest 13
x: [.29,-.29,-.22,.22,.13,-.13,.0,3.5,-3.5,2.07,-2.07,];
y: [-.34,-.34,-.57,-.57,-.7,-.7,-.13,-.91,-.91,2.51,2.51,];
25.97
Fittest 14
x: [.29,-.29,-.13,.13,.08,-.08,.0,3.5,-3.5,2.07,-2.07,];
y: [-.34,-.34,-.44,-.44,-.38,-.38,-.13,-.91,-.91,2.51,2.51,];
25.94
Fittest 15
x: [.29,-.29,-.13,.13,.08,-.08,.0,3.5,-3.5,2.07,-2.07,];
y: [-.34,-.34,-.44,-.44,-.38,-.38,-.13,-.91,-.91,2.51,2.51,];
25.94
Fittest 16
x: [.29,-.29,-.13,.13,-.08,.08,.0,3.5,-3.5,2.07,-2.07,];
y: [-.34,-.34,-.44,-.44,-.39,-.39,-.13,-.91,-.91,2.51,2.51,];
25.94
Fittest 17
x: [.29,-.29,-.13,.13,-.08,.08,.0,3.5,-3.5,2.07,-2.07,];
y: [-.34,-.34,-.44,-.44,-.39,-.39,-.13,-.91,-.91,2.51,2.51,];
25.94
Fittest 18
x: [.29,-.29,-.22,.22,.13,-.13,.0,3.53,-3.53,2.07,-2.07,];
y: [-.34,-.34,-.57,-.57,-.7,-.7,-.13,-1.61,-1.61,2.51,2.51,];
25.91
Fittest 19
x: [.29,-.29,-.22,.22,.09,-.09,.0,3.53,-3.53,2.07,-2.07,];
y: [-.34,-.34,-.57,-.57,-.59,-.59,-.13,-1.61,-1.61,2.51,2.51,];
25.84
Fittest 20
x: [.29,-.29,-.13,.13,.08,-.08,.0,2.82,-2.82,2.07,-2.07,];
y: [-.34,-.34,-.44,-.44,-.38,-.38,-.25,-2.62,-2.62,2.51,2.51,];
25.41
Fittest 21
x: [.29,-.29,-.13,.13,.08,-.08,.0,2.82,-2.82,2.07,-2.07,];
y: [-.34,-.34,-.44,-.44,-.38,-.38,-.25,-2.62,-2.62,2.51,2.51,];
25.41
Fittest 22
x: [.29,-.29,-.13,.13,.08,-.08,.0,2.82,-2.82,2.07,-2.07,];
y: [-.34,-.34,-.44,-.44,-.38,-.38,-.25,-2.62,-2.62,2.51,2.51,];
25.41
Fittest 23
x: [.29,-.29,-.13,.13,.08,-.08,.0,2.82,-2.82,2.07,-2.07,];
y: [-.34,-.34,-.44,-.44,-.38,-.38,-.25,-2.62,-2.62,2.51,2.51,];
25.41
Fittest 24
x: [.29,-.29,-.13,.13,.08,-.08,.0,3.25,-3.25,2.07,-2.07,];
y: [-.34,-.34,-.44,-.44,-.38,-.38,-.13,-1.93,-1.93,2.51,2.51,];
25.37
Fittest 25
x: [.29,-.29,-.13,.13,-.08,.08,.0,3.3,-3.3,2.07,-2.07,];
y: [-.34,-.34,-.44,-.44,-.39,-.39,-.13,-2.1,-2.1,2.51,2.51,];
25.3
Fittest 26
x: [.29,-.29,-.13,.13,-.08,.08,.0,3.3,-3.3,2.07,-2.07,];
y: [-.34,-.34,-.44,-.44,-.39,-.39,-.13,-2.1,-2.1,2.51,2.51,];
25.3
Fittest 27
x: [.29,-.29,-.13,.13,-.08,.08,.0,3.3,-3.3,2.07,-2.07,];
y: [-.34,-.34,-.44,-.44,-.39,-.39,-.13,-2.1,-2.1,2.51,2.51,];
25.3
Fittest 28
x: [.29,-.29,-.13,.13,-.08,.08,.0,3.3,-3.3,2.07,-2.07,];
y: [-.34,-.34,-.44,-.44,-.39,-.39,-.13,-2.1,-2.1,2.51,2.51,];
25.3
Fittest 29
x: [.29,-.29,-.13,.13,-.08,.08,.0,3.3,-3.3,2.07,-2.07,];
y: [-.34,-.34,-.44,-.44,-.39,-.39,-.13,-2.1,-2.1,2.51,2.51,];
25.3
Fittest 30
x: [-.09,.09,-.13,.13,-.08,.08,.0,3.3,-3.3,2.07,-2.07,];
y: [-.4,-.4,-.44,-.44,-.39,-.39,-.13,-2.1,-2.1,2.51,2.51,];
25.27
Fittest 31
x: [-.09,.09,-.13,.13,-.08,.08,.0,3.3,-3.3,2.07,-2.07,];
y: [-.4,-.4,-.44,-.44,-.39,-.39,-.13,-2.1,-2.1,2.51,2.51,];
25.27
Fittest 32
x: [-.09,.09,-.13,.13,-.08,.08,.0,3.3,-3.3,2.07,-2.07,];
y: [-.4,-.4,-.44,-.44,-.39,-.39,-.13,-2.1,-2.1,2.51,2.51,];
25.27
Fittest 33
x: [-.13,.13,-.13,.13,-.08,.08,.0,3.3,-3.3,2.07,-2.07,];
y: [-.13,-.13,-.44,-.44,-.39,-.39,-.27,-2.1,-2.1,2.51,2.51,];
25.27
Fittest 34
x: [-.06,.06,-.13,.13,-.08,.08,.0,3.3,-3.3,2.07,-2.07,];
y: [-.33,-.33,-.44,-.44,-.39,-.39,-.13,-2.1,-2.1,2.51,2.51,];
25.26
Fittest 35
x: [-.06,.06,-.13,.13,-.08,.08,.0,3.3,-3.3,2.07,-2.07,];
y: [-.33,-.33,-.44,-.44,-.39,-.39,-.13,-2.1,-2.1,2.51,2.51,];
25.26
Fittest 36
x: [-.06,.06,-.13,.13,-.08,.08,.0,3.3,-3.3,2.07,-2.07,];
y: [-.33,-.33,-.44,-.44,-.39,-.39,-.13,-2.1,-2.1,2.51,2.51,];
25.26
Fittest 37
x: [-.06,.06,-.13,.13,-.08,.08,.0,3.3,-3.3,2.07,-2.07,];
y: [-.33,-.33,-.44,-.44,-.39,-.39,-.13,-2.1,-2.1,2.51,2.51,];
25.26
Fittest 38
x: [-.06,.06,-.13,.13,-.08,.08,.0,3.3,-3.3,2.07,-2.07,];
y: [-.33,-.33,-.44,-.44,-.39,-.39,-.21,-2.1,-2.1,2.51,2.51,];
25.26
Fittest 39
x: [-.09,.09,-.13,.13,-.08,.08,.0,3.18,-3.18,2.07,-2.07,];
y: [-.4,-.4,-.44,-.44,-.39,-.39,-.41,-2.52,-2.52,2.51,2.51,];
25.25
Fittest 40
x: [-.09,.09,-.13,.13,-.08,.08,.0,3.18,-3.18,2.07,-2.07,];
y: [-.4,-.4,-.44,-.44,-.39,-.39,-.41,-2.52,-2.52,2.51,2.51,];
25.25
Fittest 41
x: [-.09,.09,-.13,.13,-.08,.08,.0,3.18,-3.18,2.07,-2.07,];
y: [-.4,-.4,-.44,-.44,-.39,-.39,-.41,-2.52,-2.52,2.51,2.51,];
25.25
Fittest 42
x: [-.09,.09,-.13,.13,-.08,.08,.0,3.18,-3.18,2.07,-2.07,];
y: [-.4,-.4,-.44,-.44,-.39,-.39,-.41,-2.52,-2.52,2.51,2.51,];
25.25
Fittest 43
x: [-.13,.13,-.13,.13,-.08,.08,.0,3.3,-3.3,2.33,-2.33,];
y: [-.13,-.13,-.44,-.44,-.39,-.39,-.27,-2.1,-2.1,2.52,2.52,];
25.23
Fittest 44
x: [-.09,.09,-.13,.13,-.08,.08,.0,3.18,-3.18,2.07,-2.07,];
y: [-.4,-.4,-.44,-.44,-.39,-.39,-.25,-2.52,-2.52,2.51,2.51,];
25.23
Fittest 45
x: [-.06,.06,-.13,.13,-.08,.08,.0,3.3,-3.3,1.8,-1.8,];
y: [-.33,-.33,-.44,-.44,-.39,-.39,-.21,-2.1,-2.1,3.01,3.01,];
25.22
Fittest 46
x: [-.06,.06,-.13,.13,-.08,.08,.0,3.3,-3.3,2.33,-2.33,];
y: [-.33,-.33,-.44,-.44,-.39,-.39,-.13,-2.1,-2.1,2.61,2.61,];
25.2
Fittest 47
x: [-.06,.06,-.13,.13,-.08,.08,.0,3.3,-3.3,2.33,-2.33,];
y: [-.33,-.33,-.44,-.44,-.39,-.39,-.13,-2.1,-2.1,2.61,2.61,];
25.2
Fittest 48
x: [-.06,.06,-.13,.13,-.08,.08,.0,3.3,-3.3,2.33,-2.33,];
y: [-.33,-.33,-.44,-.44,-.39,-.39,-.13,-2.1,-2.1,2.61,2.61,];
25.2
Fittest 49
x: [-.06,.06,-.13,.13,-.08,.08,.0,3.3,-3.3,2.33,-2.33,];
y: [-.33,-.33,-.44,-.44,-.39,-.39,-.13,-2.1,-2.1,2.61,2.61,];
25.2
Fittest 50
x: [-.09,.09,-.03,.03,-.08,.08,.0,3.18,-3.18,2.07,-2.07,];
y: [-.4,-.4,-.26,-.26,-.39,-.39,-.41,-2.52,-2.52,2.51,2.51,];
25.2
Fittest 51
x: [-.09,.09,-.03,.03,-.08,.08,.0,3.18,-3.18,2.07,-2.07,];
y: [-.4,-.4,-.26,-.26,-.39,-.39,-.41,-2.52,-2.52,2.51,2.51,];
25.2
Fittest 52
x: [-.09,.09,-.03,.03,-.08,.08,.0,3.18,-3.18,2.07,-2.07,];
y: [-.4,-.4,-.26,-.26,-.39,-.39,-.41,-2.52,-2.52,2.51,2.51,];
25.2
Fittest 53
x: [-.09,.09,-.03,.03,-.08,.08,.0,3.18,-3.18,2.07,-2.07,];
y: [-.4,-.4,-.26,-.26,-.39,-.39,-.41,-2.52,-2.52,2.51,2.51,];
25.2
Fittest 54
x: [-.09,.09,-.03,.03,-.08,.08,.0,3.18,-3.18,2.07,-2.07,];
y: [-.4,-.4,-.26,-.26,-.39,-.39,-.41,-2.52,-2.52,2.51,2.51,];
25.2
Fittest 55
x: [-.09,.09,-.03,.03,-.08,.08,.0,3.18,-3.18,2.07,-2.07,];
y: [-.4,-.4,-.26,-.26,-.39,-.39,-.41,-2.52,-2.52,2.51,2.51,];
25.2
Fittest 56
x: [-.09,.09,-.03,.03,-.08,.08,.0,3.18,-3.18,2.07,-2.07,];
y: [-.4,-.4,-.26,-.26,-.39,-.39,-.41,-2.52,-2.52,2.51,2.51,];
25.2
Fittest 57
x: [-.06,.06,-.13,.13,-.12,.12,.0,3.3,-3.3,2.33,-2.33,];
y: [-.33,-.33,-.44,-.44,-.28,-.28,-.13,-2.1,-2.1,2.61,2.61,];
25.19
Fittest 58
x: [-.06,.06,.09,-.09,-.08,.08,.0,3.3,-3.3,2.33,-2.33,];
y: [-.33,-.33,-.19,-.19,-.39,-.39,-.13,-2.1,-2.1,2.61,2.61,];
25.18
Fittest 59
x: [-.06,.06,.09,-.09,-.08,.08,.0,3.3,-3.3,2.33,-2.33,];
y: [-.33,-.33,-.19,-.19,-.39,-.39,-.13,-2.1,-2.1,2.61,2.61,];
25.18
Fittest 60
x: [-.06,.06,.09,-.09,-.08,.08,.0,3.3,-3.3,2.33,-2.33,];
y: [-.33,-.33,-.19,-.19,-.39,-.39,-.13,-2.1,-2.1,2.61,2.61,];
25.18
Fittest 61
x: [-.06,.06,.09,-.09,-.08,.08,.0,3.3,-3.3,2.33,-2.33,];
y: [-.33,-.33,-.19,-.19,-.39,-.39,-.13,-2.1,-2.1,2.61,2.61,];
25.18
Fittest 62
x: [-.06,.06,.09,-.09,-.08,.08,.0,3.3,-3.3,2.33,-2.33,];
y: [-.33,-.33,-.19,-.19,-.39,-.39,-.13,-2.1,-2.1,2.61,2.61,];
25.18
Fittest 63
x: [-.09,.09,-.03,.03,-.08,.08,.0,3.18,-3.18,2.18,-2.18,];
y: [-.4,-.4,-.26,-.26,-.39,-.39,-.41,-2.52,-2.52,2.76,2.76,];
25.15
Fittest 64
x: [-.09,.09,-.03,.03,-.08,.08,.0,3.18,-3.18,2.18,-2.18,];
y: [-.4,-.4,-.26,-.26,-.39,-.39,-.41,-2.52,-2.52,2.76,2.76,];
25.15
Fittest 65
x: [-.09,.09,-.03,.03,-.08,.08,.0,3.18,-3.18,2.18,-2.18,];
y: [-.4,-.4,-.26,-.26,-.39,-.39,-.41,-2.52,-2.52,2.76,2.76,];
25.15
Fittest 66
x: [-.09,.09,-.03,.03,-.08,.08,.0,3.18,-3.18,2.18,-2.18,];
y: [-.4,-.4,-.26,-.26,-.39,-.39,-.41,-2.52,-2.52,2.76,2.76,];
25.15
Fittest 67
x: [-.09,.09,-.03,.03,-.08,.08,.0,3.18,-3.18,2.18,-2.18,];
y: [-.4,-.4,-.26,-.26,-.39,-.39,-.41,-2.52,-2.52,2.76,2.76,];
25.15
Fittest 68
x: [-.09,.09,-.03,.03,-.08,.08,.0,3.18,-3.18,2.18,-2.18,];
y: [-.4,-.4,-.26,-.26,-.39,-.39,-.41,-2.52,-2.52,2.76,2.76,];
25.15
Fittest 69
x: [-.09,.09,-.03,.03,-.08,.08,.0,3.18,-3.18,2.18,-2.18,];
y: [-.4,-.4,-.26,-.26,-.39,-.39,-.41,-2.52,-2.52,2.76,2.76,];
25.15
Fittest 70
x: [-.09,.09,-.03,.03,-.08,.08,.0,3.18,-3.18,2.18,-2.18,];
y: [-.4,-.4,-.26,-.26,-.39,-.39,-.41,-2.52,-2.52,2.76,2.76,];
25.15
Fittest 71
x: [-.09,.09,-.03,.03,-.08,.08,.0,3.18,-3.18,2.18,-2.18,];
y: [-.4,-.4,-.26,-.26,-.39,-.39,-.41,-2.52,-2.52,2.76,2.76,];
25.15
Fittest 72
x: [-.09,.09,-.03,.03,-.08,.08,.0,3.18,-3.18,2.18,-2.18,];
y: [-.4,-.4,-.26,-.26,-.39,-.39,-.41,-2.52,-2.52,2.76,2.76,];
25.15
Fittest 73
x: [-.09,.09,-.03,.03,-.08,.08,.0,3.18,-3.18,2.18,-2.18,];
y: [-.4,-.4,-.26,-.26,-.39,-.39,-.35,-2.52,-2.52,2.76,2.76,];
25.14
Fittest 74
x: [-.09,.09,-.03,.03,-.08,.08,.0,3.18,-3.18,2.18,-2.18,];
y: [-.4,-.4,-.26,-.26,-.39,-.39,-.13,-2.52,-2.52,2.76,2.76,];
25.13
Fittest 75
x: [-.09,.09,-.03,.03,-.08,.08,.0,3.18,-3.18,2.18,-2.18,];
y: [-.4,-.4,-.26,-.26,-.39,-.39,-.13,-2.52,-2.52,2.76,2.76,];
25.13
Fittest 76
x: [-.09,.09,-.03,.03,-.08,.08,.0,3.18,-3.18,2.18,-2.18,];
y: [-.4,-.4,-.26,-.26,-.39,-.39,-.13,-2.52,-2.52,2.76,2.76,];
25.13
Fittest 77
x: [-.09,.09,-.03,.03,-.08,.08,.0,3.18,-3.18,2.18,-2.18,];
y: [-.4,-.4,-.26,-.26,-.39,-.39,-.13,-2.52,-2.52,2.76,2.76,];
25.13
Fittest 78
x: [-.09,.09,-.03,.03,-.08,.08,.0,3.18,-3.18,2.18,-2.18,];
y: [-.4,-.4,-.26,-.26,-.39,-.39,-.13,-2.52,-2.52,2.76,2.76,];
25.13
Fittest 79
x: [-.09,.09,-.03,.03,-.08,.08,.0,3.18,-3.18,2.18,-2.18,];
y: [-.4,-.4,-.26,-.26,-.39,-.39,-.11,-2.52,-2.52,2.76,2.76,];
25.13
Fittest 80
x: [-.09,.09,-.03,.03,-.08,.08,.0,3.18,-3.18,2.18,-2.18,];
y: [-.4,-.4,-.26,-.26,-.39,-.39,-.11,-2.52,-2.52,2.76,2.76,];
25.13
Fittest 81
x: [-.09,.09,-.03,.03,-.08,.08,.0,3.18,-3.18,2.18,-2.18,];
y: [-.4,-.4,-.26,-.26,-.39,-.39,-.11,-2.52,-2.52,2.76,2.76,];
25.13
Fittest 82
x: [-.09,.09,-.03,.03,-.08,.08,.0,3.18,-3.18,2.18,-2.18,];
y: [-.4,-.4,-.26,-.26,-.39,-.39,-.1,-2.52,-2.52,2.76,2.76,];
25.13
Fittest 83
x: [-.09,.09,-.03,.03,-.08,.08,.0,3.18,-3.18,2.18,-2.18,];
y: [-.4,-.4,-.26,-.26,-.39,-.39,-.1,-2.52,-2.52,2.76,2.76,];
25.13
Fittest 84
x: [-.09,.09,-.03,.03,-.08,.08,.0,3.18,-3.18,2.18,-2.18,];
y: [-.4,-.4,-.26,-.26,-.39,-.39,-.1,-2.52,-2.52,2.76,2.76,];
25.13
Fittest 85
x: [-.09,.09,-.03,.03,-.08,.08,.0,3.18,-3.18,2.18,-2.18,];
y: [-.4,-.4,-.26,-.26,-.39,-.39,-.1,-2.52,-2.52,2.76,2.76,];
25.13
Fittest 86
x: [-.09,.09,-.03,.03,-.08,.08,.0,3.18,-3.18,2.18,-2.18,];
y: [-.4,-.4,-.26,-.26,-.39,-.39,-.1,-2.52,-2.52,2.76,2.76,];
25.13
Fittest 87
x: [-.09,.09,-.03,.03,-.08,.08,.0,3.18,-3.18,2.18,-2.18,];
y: [-.4,-.4,-.26,-.26,-.39,-.39,-.1,-2.52,-2.52,2.76,2.76,];
25.13
Fittest 88
x: [-.09,.09,-.03,.03,-.08,.08,.0,3.18,-3.18,2.18,-2.18,];
y: [-.4,-.4,-.26,-.26,-.39,-.39,-.1,-2.52,-2.52,2.76,2.76,];
25.13
Fittest 89
x: [-.09,.09,-.03,.03,-.08,.08,.0,3.18,-3.18,2.18,-2.18,];
y: [-.4,-.4,-.26,-.26,-.39,-.39,-.1,-2.52,-2.52,2.76,2.76,];
25.13
Fittest 90
x: [-.09,.09,-.03,.03,-.08,.08,.0,3.18,-3.18,2.18,-2.18,];
y: [-.4,-.4,-.26,-.26,-.39,-.39,-.1,-2.52,-2.52,2.76,2.76,];
25.13
Fittest 91
x: [-.09,.09,-.03,.03,-.08,.08,.0,3.18,-3.18,2.18,-2.18,];
y: [-.4,-.4,-.26,-.26,-.39,-.39,-.1,-2.52,-2.52,2.76,2.76,];
25.13
Fittest 92
x: [-.09,.09,-.03,.03,-.08,.08,.0,3.18,-3.18,2.18,-2.18,];
y: [-.4,-.4,-.26,-.26,-.39,-.39,-.1,-2.52,-2.52,2.76,2.76,];
25.13
Fittest 93
x: [-.09,.09,-.03,.03,-.08,.08,.0,3.18,-3.18,2.18,-2.18,];
y: [-.4,-.4,-.26,-.26,-.39,-.39,-.1,-2.52,-2.52,2.76,2.76,];
25.13
Fittest 94
x: [-.09,.09,-.03,.03,-.08,.08,.0,3.18,-3.18,2.18,-2.18,];
y: [-.4,-.4,-.26,-.26,-.39,-.39,-.1,-2.52,-2.52,2.76,2.76,];
25.13
Fittest 95
x: [-.09,.09,-.03,.03,-.08,.08,.0,3.18,-3.18,2.18,-2.18,];
y: [-.4,-.4,-.26,-.26,-.39,-.39,-.1,-2.52,-2.52,2.76,2.76,];
25.13
Fittest 96
x: [-.09,.09,-.03,.03,-.08,.08,.0,3.18,-3.18,2.18,-2.18,];
y: [-.4,-.4,-.26,-.26,-.39,-.39,-.1,-2.52,-2.52,2.76,2.76,];
25.13
Fittest 97
x: [-.09,.09,-.03,.03,-.08,.08,.0,3.18,-3.18,2.18,-2.18,];
y: [-.4,-.4,-.26,-.26,-.39,-.39,-.1,-2.52,-2.52,2.76,2.76,];
25.13
Fittest 98
x: [-.09,.09,-.03,.03,-.08,.08,.0,3.18,-3.18,2.18,-2.18,];
y: [-.4,-.4,-.26,-.26,-.39,-.39,-.1,-2.52,-2.52,2.76,2.76,];
25.13
Fittest 99
x: [-.09,.09,-.03,.03,-.09,.09,.0,3.18,-3.18,2.18,-2.18,];
y: [-.4,-.4,-.26,-.26,-.35,-.35,-.1,-2.52,-2.52,2.76,2.76,];
25.13
Fittest 100
x: [-.09,.09,-.03,.03,-.09,.09,.0,3.18,-3.18,2.18,-2.18,];
y: [-.4,-.4,-.26,-.26,-.35,-.35,-.1,-2.52,-2.52,2.76,2.76,];
25.13
Fittest 101
x: [-.09,.09,-.03,.03,-.09,.09,.0,3.18,-3.18,2.18,-2.18,];
y: [-.4,-.4,-.26,-.26,-.35,-.35,-.1,-2.52,-2.52,2.76,2.76,];
25.13
Fittest 102
x: [-.09,.09,-.03,.03,-.09,.09,.0,3.18,-3.18,2.18,-2.18,];
y: [-.4,-.4,-.26,-.26,-.35,-.35,-.1,-2.52,-2.52,2.76,2.76,];
25.13
Fittest 103
x: [-.09,.09,.02,-.02,-.08,.08,.0,3.18,-3.18,2.18,-2.18,];
y: [-.4,-.4,-.15,-.15,-.39,-.39,-.1,-2.52,-2.52,2.76,2.76,];
25.13
Fittest 104
x: [-.09,.09,.02,-.02,-.08,.08,.0,3.18,-3.18,2.18,-2.18,];
y: [-.4,-.4,-.15,-.15,-.39,-.39,-.1,-2.52,-2.52,2.76,2.76,];
25.13
Fittest 105
x: [-.09,.09,.02,-.02,-.08,.08,.0,3.18,-3.18,2.18,-2.18,];
y: [-.4,-.4,-.15,-.15,-.39,-.39,-.1,-2.52,-2.52,2.76,2.76,];
25.13
Fittest 106
x: [-.09,.09,.02,-.02,-.08,.08,.0,3.18,-3.18,2.18,-2.18,];
y: [-.4,-.4,-.15,-.15,-.39,-.39,-.1,-2.52,-2.52,2.76,2.76,];
25.13
Fittest 107
x: [-.09,.09,.02,-.02,-.08,.08,.0,3.18,-3.18,2.18,-2.18,];
y: [-.4,-.4,-.15,-.15,-.39,-.39,-.1,-2.52,-2.52,2.76,2.76,];
25.13
Fittest 108
x: [-.09,.09,.02,-.02,-.08,.08,.0,3.18,-3.18,2.18,-2.18,];
y: [-.4,-.4,-.15,-.15,-.39,-.39,-.1,-2.52,-2.52,2.76,2.76,];
25.13
Fittest 109
x: [-.09,.09,.02,-.02,-.08,.08,.0,3.18,-3.18,2.18,-2.18,];
y: [-.4,-.4,-.15,-.15,-.39,-.39,-.1,-2.52,-2.52,2.76,2.76,];
25.13
Fittest 110
x: [-.09,.09,.02,-.02,-.08,.08,.0,3.18,-3.18,2.18,-2.18,];
y: [-.4,-.4,-.15,-.15,-.39,-.39,-.1,-2.52,-2.52,2.76,2.76,];
25.13
Fittest 111
x: [-.09,.09,.02,-.02,-.08,.08,.0,3.18,-3.18,2.18,-2.18,];
y: [-.4,-.4,-.15,-.15,-.39,-.39,-.1,-2.52,-2.52,2.76,2.76,];
25.13
Fittest 112
x: [-.09,.09,.02,-.02,-.08,.08,.0,3.18,-3.18,2.18,-2.18,];
y: [-.4,-.4,-.15,-.15,-.39,-.39,-.1,-2.52,-2.52,2.76,2.76,];
25.13
Fittest 113
x: [-.09,.09,.02,-.02,-.08,.08,.0,3.18,-3.18,2.18,-2.18,];
y: [-.4,-.4,-.15,-.15,-.39,-.39,-.1,-2.52,-2.52,2.76,2.76,];
25.13
Fittest 114
x: [-.09,.09,.02,-.02,-.08,.08,.0,3.18,-3.18,2.18,-2.18,];
y: [-.4,-.4,-.15,-.15,-.39,-.39,-.1,-2.52,-2.52,2.76,2.76,];
25.13
Fittest 115
x: [.04,-.04,.02,-.02,-.08,.08,.0,3.18,-3.18,2.18,-2.18,];
y: [-.33,-.33,-.15,-.15,-.39,-.39,-.1,-2.52,-2.52,2.76,2.76,];
25.12
Fittest 116
x: [.04,-.04,.02,-.02,-.08,.08,.0,3.18,-3.18,2.18,-2.18,];
y: [-.33,-.33,-.15,-.15,-.39,-.39,-.1,-2.52,-2.52,2.76,2.76,];
25.12
Fittest 117
x: [.04,-.04,.02,-.02,-.08,.08,.0,3.18,-3.18,2.18,-2.18,];
y: [-.33,-.33,-.15,-.15,-.39,-.39,-.1,-2.52,-2.52,2.76,2.76,];
25.12
Fittest 118
x: [.04,-.04,.02,-.02,-.08,.08,.0,3.18,-3.18,2.18,-2.18,];
y: [-.33,-.33,-.15,-.15,-.39,-.39,-.1,-2.52,-2.52,2.76,2.76,];
25.12
Fittest 119
x: [.04,-.04,.02,-.02,-.08,.08,.0,3.18,-3.18,2.18,-2.18,];
y: [-.33,-.33,-.15,-.15,-.39,-.39,-.1,-2.52,-2.52,2.76,2.76,];
25.12
Fittest 120
x: [.04,-.04,.02,-.02,-.08,.08,.0,3.18,-3.18,2.18,-2.18,];
y: [-.33,-.33,-.15,-.15,-.39,-.39,-.1,-2.52,-2.52,2.76,2.76,];
25.12
Fittest 121
x: [.04,-.04,.02,-.02,-.08,.08,.0,3.18,-3.18,2.18,-2.18,];
y: [-.33,-.33,-.15,-.15,-.39,-.39,-.1,-2.52,-2.52,2.76,2.76,];
25.12
Fittest 122
x: [.04,-.04,.02,-.02,-.08,.08,.0,3.18,-3.18,2.18,-2.18,];
y: [-.33,-.33,-.15,-.15,-.39,-.39,-.1,-2.52,-2.52,2.76,2.76,];
25.12
Fittest 123
x: [.04,-.04,.02,-.02,-.08,.08,.0,3.18,-3.18,2.18,-2.18,];
y: [-.33,-.33,-.15,-.15,-.39,-.39,-.1,-2.52,-2.52,2.76,2.76,];
25.12
Fittest 124
x: [.04,-.04,.02,-.02,-.08,.08,.0,3.18,-3.18,2.18,-2.18,];
y: [-.33,-.33,-.15,-.15,-.39,-.39,-.1,-2.52,-2.52,2.76,2.76,];
25.12
Fittest 125
x: [.04,-.04,.02,-.02,-.08,.08,.0,3.18,-3.18,2.18,-2.18,];
y: [-.33,-.33,-.15,-.15,-.39,-.39,-.1,-2.52,-2.52,2.76,2.76,];
25.12
Fittest 126
x: [.04,-.04,.02,-.02,-.08,.08,.0,3.18,-3.18,2.18,-2.18,];
y: [-.33,-.33,-.15,-.15,-.39,-.39,-.1,-2.52,-2.52,2.76,2.76,];
25.12
Fittest 127
x: [.04,-.04,.02,-.02,-.08,.08,.0,3.18,-3.18,2.18,-2.18,];
y: [-.33,-.33,-.15,-.15,-.39,-.39,-.1,-2.52,-2.52,2.76,2.76,];
25.12
Fittest 128
x: [.04,-.04,.02,-.02,-.08,.08,.0,3.18,-3.18,2.18,-2.18,];
y: [-.33,-.33,-.15,-.15,-.39,-.39,-.1,-2.52,-2.52,2.76,2.76,];
25.12
Fittest 129
x: [-.09,.09,.02,-.02,-.03,.03,.0,3.18,-3.18,2.18,-2.18,];
y: [-.4,-.4,-.15,-.15,-.18,-.18,-.1,-2.52,-2.52,2.76,2.76,];
25.11
Fittest 130
x: [-.09,.09,.02,-.02,-.03,.03,.0,3.18,-3.18,2.18,-2.18,];
y: [-.4,-.4,-.15,-.15,-.18,-.18,-.1,-2.52,-2.52,2.76,2.76,];
25.11
Fittest 131
x: [-.09,.09,.02,-.02,-.03,.03,.0,3.18,-3.18,2.18,-2.18,];
y: [-.4,-.4,-.15,-.15,-.18,-.18,-.1,-2.52,-2.52,2.76,2.76,];
25.11
Fittest 132
x: [.04,-.04,.02,-.02,.02,-.02,.0,3.18,-3.18,2.18,-2.18,];
y: [-.33,-.33,-.15,-.15,-.24,-.24,-.1,-2.52,-2.52,2.76,2.76,];
25.1
Fittest 133
x: [.04,-.04,.02,-.02,.02,-.02,.0,3.18,-3.18,2.18,-2.18,];
y: [-.33,-.33,-.15,-.15,-.24,-.24,-.1,-2.52,-2.52,2.76,2.76,];
25.1
Fittest 134
x: [.04,-.04,.02,-.02,.02,-.02,.0,3.18,-3.18,2.18,-2.18,];
y: [-.33,-.33,-.15,-.15,-.24,-.24,-.1,-2.52,-2.52,2.76,2.76,];
25.1
Fittest 135
x: [.04,-.04,.02,-.02,.02,-.02,.0,3.18,-3.18,2.18,-2.18,];
y: [-.33,-.33,-.15,-.15,-.24,-.24,-.1,-2.52,-2.52,2.76,2.76,];
25.1
Fittest 136
x: [.04,-.04,.02,-.02,.02,-.02,.0,3.18,-3.18,2.18,-2.18,];
y: [-.33,-.33,-.15,-.15,-.24,-.24,-.1,-2.52,-2.52,2.76,2.76,];
25.1
Fittest 137
x: [.04,-.04,.02,-.02,.02,-.02,.0,3.18,-3.18,2.18,-2.18,];
y: [-.33,-.33,-.15,-.15,-.24,-.24,-.1,-2.52,-2.52,2.76,2.76,];
25.1
Fittest 138
x: [.04,-.04,.02,-.02,.02,-.02,.0,3.18,-3.18,2.18,-2.18,];
y: [-.33,-.33,-.15,-.15,-.24,-.24,-.16,-2.52,-2.52,2.76,2.76,];
25.1
Fittest 139
x: [.04,-.04,.02,-.02,.02,-.02,.0,3.18,-3.18,2.18,-2.18,];
y: [-.33,-.33,-.15,-.15,-.24,-.24,-.16,-2.52,-2.52,2.76,2.76,];
25.1
Fittest 140
x: [.04,-.04,.02,-.02,.02,-.02,.0,3.18,-3.18,2.18,-2.18,];
y: [-.33,-.33,-.15,-.15,-.24,-.24,-.16,-2.52,-2.52,2.76,2.76,];
25.1
Fittest 141
x: [.04,-.04,.02,-.02,.02,-.02,.0,3.18,-3.18,2.18,-2.18,];
y: [-.33,-.33,-.15,-.15,-.24,-.24,-.16,-2.52,-2.52,2.76,2.76,];
25.1
Fittest 142
x: [.04,-.04,.02,-.02,.02,-.02,.0,3.18,-3.18,2.4,-2.4,];
y: [-.33,-.33,-.15,-.15,-.24,-.24,-.1,-2.52,-2.52,2.81,2.81,];
25.07
Fittest 143
x: [.04,-.04,.02,-.02,.02,-.02,.0,3.18,-3.18,2.4,-2.4,];
y: [-.33,-.33,-.15,-.15,-.24,-.24,-.1,-2.52,-2.52,2.81,2.81,];
25.07
Fittest 144
x: [.04,-.04,.02,-.02,.02,-.02,.0,3.18,-3.18,2.4,-2.4,];
y: [-.33,-.33,-.15,-.15,-.24,-.24,-.1,-2.52,-2.52,2.81,2.81,];
25.07
Fittest 145
x: [.04,-.04,.02,-.02,.02,-.02,.0,3.18,-3.18,2.4,-2.4,];
y: [-.33,-.33,-.15,-.15,-.24,-.24,-.1,-2.52,-2.52,2.81,2.81,];
25.07
Fittest 146
x: [.04,-.04,.02,-.02,.02,-.02,.0,3.18,-3.18,2.4,-2.4,];
y: [-.33,-.33,-.15,-.15,-.24,-.24,-.1,-2.52,-2.52,2.81,2.81,];
25.07
Fittest 147
x: [.04,-.04,.02,-.02,.02,-.02,.0,3.18,-3.18,2.4,-2.4,];
y: [-.33,-.33,-.15,-.15,-.24,-.24,-.1,-2.52,-2.52,2.81,2.81,];
25.07
Fittest 148
x: [.04,-.04,.02,-.02,.02,-.02,.0,3.18,-3.18,2.4,-2.4,];
y: [-.33,-.33,-.15,-.15,-.24,-.24,-.1,-2.52,-2.52,2.81,2.81,];
25.07
Fittest 149
x: [.04,-.04,.02,-.02,.02,-.02,.0,3.18,-3.18,2.4,-2.4,];
y: [-.33,-.33,-.15,-.15,-.24,-.24,-.1,-2.52,-2.52,2.81,2.81,];
25.07
Fittest 150
x: [.04,-.04,.02,-.02,.02,-.02,.0,3.18,-3.18,2.4,-2.4,];
y: [-.33,-.33,-.15,-.15,-.24,-.24,-.1,-2.52,-2.52,2.81,2.81,];
25.07
Fittest 151
x: [.04,-.04,.02,-.02,.02,-.02,.0,3.18,-3.18,2.4,-2.4,];
y: [-.33,-.33,-.15,-.15,-.24,-.24,-.1,-2.52,-2.52,2.81,2.81,];
25.07
Fittest 152
x: [.04,-.04,.02,-.02,.02,-.02,.0,3.18,-3.18,2.4,-2.4,];
y: [-.33,-.33,-.15,-.15,-.24,-.24,-.1,-2.52,-2.52,2.81,2.81,];
25.07
Fittest 153
x: [.04,-.04,.02,-.02,.02,-.02,.0,3.18,-3.18,2.4,-2.4,];
y: [-.33,-.33,-.15,-.15,-.24,-.24,-.1,-2.52,-2.52,2.81,2.81,];
25.07
Fittest 154
x: [.04,-.04,.02,-.02,.02,-.02,.0,3.18,-3.18,2.4,-2.4,];
y: [-.33,-.33,-.15,-.15,-.24,-.24,-.1,-2.52,-2.52,2.81,2.81,];
25.07
Fittest 155
x: [.04,-.04,.02,-.02,.02,-.02,.0,3.18,-3.18,2.4,-2.4,];
y: [-.33,-.33,-.15,-.15,-.24,-.24,-.1,-2.52,-2.52,2.81,2.81,];
25.07
Fittest 156
x: [.04,-.04,.02,-.02,.02,-.02,.0,3.18,-3.18,2.4,-2.4,];
y: [-.33,-.33,-.15,-.15,-.24,-.24,-.1,-2.52,-2.52,2.81,2.81,];
25.07
Fittest 157
x: [.04,-.04,.02,-.02,.02,-.02,.0,3.18,-3.18,2.4,-2.4,];
y: [-.33,-.33,-.15,-.15,-.24,-.24,-.1,-2.52,-2.52,2.81,2.81,];
25.07
Fittest 158
x: [.04,-.04,.02,-.02,.02,-.02,.0,3.18,-3.18,2.4,-2.4,];
y: [-.33,-.33,-.15,-.15,-.24,-.24,-.1,-2.52,-2.52,2.81,2.81,];
25.07
Fittest 159
x: [.04,-.04,.02,-.02,.02,-.02,.0,3.18,-3.18,2.4,-2.4,];
y: [-.33,-.33,-.15,-.15,-.24,-.24,-.1,-2.52,-2.52,2.81,2.81,];
25.07
Fittest 160
x: [.04,-.04,.02,-.02,.02,-.02,.0,3.18,-3.18,2.4,-2.4,];
y: [-.33,-.33,-.15,-.15,-.24,-.24,-.1,-2.52,-2.52,2.81,2.81,];
25.07
Fittest 161
x: [.04,-.04,.02,-.02,.02,-.02,.0,3.18,-3.18,2.4,-2.4,];
y: [-.33,-.33,-.15,-.15,-.24,-.24,-.1,-2.52,-2.52,2.81,2.81,];
25.07
Fittest 162
x: [.04,-.04,.02,-.02,.02,-.02,.0,3.18,-3.18,2.4,-2.4,];
y: [-.33,-.33,-.15,-.15,-.24,-.24,-.1,-2.52,-2.52,2.81,2.81,];
25.07
Fittest 163
x: [.04,-.04,.02,-.02,.02,-.02,.0,3.18,-3.18,2.4,-2.4,];
y: [-.33,-.33,-.15,-.15,-.24,-.24,-.1,-2.52,-2.52,2.81,2.81,];
25.07
Fittest 164
x: [.04,-.04,.02,-.02,.02,-.02,.0,3.18,-3.18,2.4,-2.4,];
y: [-.33,-.33,-.15,-.15,-.24,-.24,-.1,-2.52,-2.52,2.81,2.81,];
25.07
Fittest 165
x: [.04,-.04,.02,-.02,.02,-.02,.0,3.18,-3.18,2.4,-2.4,];
y: [-.33,-.33,-.15,-.15,-.24,-.24,-.1,-2.52,-2.52,2.81,2.81,];
25.07
Fittest 166
x: [.04,-.04,.02,-.02,.02,-.02,.0,3.18,-3.18,2.4,-2.4,];
y: [-.33,-.33,-.15,-.15,-.24,-.24,-.1,-2.52,-2.52,2.81,2.81,];
25.07
Fittest 167
x: [.04,-.04,.02,-.02,.02,-.02,.0,3.18,-3.18,2.4,-2.4,];
y: [-.33,-.33,-.15,-.15,-.24,-.24,-.1,-2.52,-2.52,2.81,2.81,];
25.07
Fittest 168
x: [.04,-.04,.02,-.02,.02,-.02,.0,3.18,-3.18,2.4,-2.4,];
y: [-.33,-.33,-.15,-.15,-.24,-.24,-.1,-2.52,-2.52,2.81,2.81,];
25.07
Fittest 169
x: [.04,-.04,.02,-.02,.02,-.02,.0,3.18,-3.18,2.4,-2.4,];
y: [-.33,-.33,-.15,-.15,-.24,-.24,-.1,-2.52,-2.52,2.81,2.81,];
25.07
Fittest 170
x: [.04,-.04,.02,-.02,.02,-.02,.0,3.18,-3.18,2.4,-2.4,];
y: [-.33,-.33,-.15,-.15,-.24,-.24,-.1,-2.52,-2.52,2.81,2.81,];
25.07
Fittest 171
x: [.04,-.04,.02,-.02,.02,-.02,.0,3.18,-3.18,2.4,-2.4,];
y: [-.33,-.33,-.15,-.15,-.24,-.24,-.1,-2.52,-2.52,2.81,2.81,];
25.07
Fittest 172
x: [.04,-.04,.02,-.02,.02,-.02,.0,3.18,-3.18,2.4,-2.4,];
y: [-.33,-.33,-.15,-.15,-.24,-.24,-.1,-2.52,-2.52,2.81,2.81,];
25.07
Fittest 173
x: [.04,-.04,.02,-.02,.02,-.02,.0,3.18,-3.18,2.4,-2.4,];
y: [-.33,-.33,-.15,-.15,-.24,-.24,-.1,-2.52,-2.52,2.81,2.81,];
25.07
Fittest 174
x: [.04,-.04,.02,-.02,.02,-.02,.0,3.18,-3.18,2.4,-2.4,];
y: [-.33,-.33,-.15,-.15,-.24,-.24,-.1,-2.52,-2.52,2.81,2.81,];
25.07
Fittest 175
x: [.04,-.04,.02,-.02,.02,-.02,.0,3.18,-3.18,2.4,-2.4,];
y: [-.33,-.33,-.15,-.15,-.24,-.24,-.1,-2.52,-2.52,2.81,2.81,];
25.07
Fittest 176
x: [.04,-.04,.02,-.02,.02,-.02,.0,3.18,-3.18,2.4,-2.4,];
y: [-.33,-.33,-.15,-.15,-.24,-.24,-.1,-2.52,-2.52,2.81,2.81,];
25.07
Fittest 177
x: [.04,-.04,.02,-.02,.05,-.05,.0,3.18,-3.18,2.4,-2.4,];
y: [-.33,-.33,-.15,-.15,-.22,-.22,-.1,-2.52,-2.52,2.81,2.81,];
25.07
Fittest 178
x: [.04,-.04,.02,-.02,.05,-.05,.0,3.18,-3.18,2.4,-2.4,];
y: [-.33,-.33,-.15,-.15,-.22,-.22,-.1,-2.52,-2.52,2.81,2.81,];
25.07
Fittest 179
x: [.04,-.04,.02,-.02,.05,-.05,.0,3.18,-3.18,2.4,-2.4,];
y: [-.33,-.33,-.15,-.15,-.22,-.22,-.1,-2.52,-2.52,2.81,2.81,];
25.07
Fittest 180
x: [.04,-.04,.02,-.02,.05,-.05,.0,3.18,-3.18,2.4,-2.4,];
y: [-.33,-.33,-.15,-.15,-.22,-.22,-.1,-2.52,-2.52,2.81,2.81,];
25.07
Fittest 181
x: [.04,-.04,.02,-.02,.05,-.05,.0,3.18,-3.18,2.4,-2.4,];
y: [-.33,-.33,-.15,-.15,-.22,-.22,-.1,-2.52,-2.52,2.81,2.81,];
25.07
Fittest 182
x: [.04,-.04,.02,-.02,.05,-.05,.0,3.18,-3.18,2.4,-2.4,];
y: [-.33,-.33,-.15,-.15,-.22,-.22,-.1,-2.52,-2.52,2.81,2.81,];
25.07
Fittest 183
x: [.04,-.04,.02,-.02,.05,-.05,.0,3.18,-3.18,2.4,-2.4,];
y: [-.33,-.33,-.15,-.15,-.22,-.22,-.1,-2.52,-2.52,2.81,2.81,];
25.07
Fittest 184
x: [.04,-.04,.02,-.02,.05,-.05,.0,3.18,-3.18,2.4,-2.4,];
y: [-.33,-.33,-.15,-.15,-.22,-.22,-.1,-2.52,-2.52,2.81,2.81,];
25.07
Fittest 185
x: [.04,-.04,.02,-.02,.05,-.05,.0,3.18,-3.18,2.4,-2.4,];
y: [-.33,-.33,-.15,-.15,-.22,-.22,-.1,-2.52,-2.52,2.81,2.81,];
25.07
Fittest 186
x: [.04,-.04,.02,-.02,.05,-.05,.0,3.18,-3.18,2.4,-2.4,];
y: [-.33,-.33,-.15,-.15,-.22,-.22,-.1,-2.52,-2.52,2.81,2.81,];
25.07
Fittest 187
x: [.04,-.04,.02,-.02,.05,-.05,.0,3.18,-3.18,2.4,-2.4,];
y: [-.33,-.33,-.15,-.15,-.22,-.22,-.1,-2.52,-2.52,2.81,2.81,];
25.07
Fittest 188
x: [.04,-.04,.02,-.02,.05,-.05,.0,3.18,-3.18,2.4,-2.4,];
y: [-.33,-.33,-.15,-.15,-.22,-.22,-.1,-2.52,-2.52,2.81,2.81,];
25.07
Fittest 189
x: [.04,-.04,.02,-.02,.05,-.05,.0,3.18,-3.18,2.4,-2.4,];
y: [-.33,-.33,-.15,-.15,-.22,-.22,-.1,-2.52,-2.52,2.81,2.81,];
25.07
Fittest 190
x: [.04,-.04,.02,-.02,.05,-.05,.0,3.18,-3.18,2.4,-2.4,];
y: [-.33,-.33,-.15,-.15,-.22,-.22,-.1,-2.52,-2.52,2.81,2.81,];
25.07
Fittest 191
x: [.04,-.04,.02,-.02,.05,-.05,.0,3.18,-3.18,2.4,-2.4,];
y: [-.33,-.33,-.15,-.15,-.22,-.22,-.1,-2.52,-2.52,2.81,2.81,];
25.07
Fittest 192
x: [.04,-.04,.02,-.02,.05,-.05,.0,3.18,-3.18,2.4,-2.4,];
y: [-.33,-.33,-.15,-.15,-.22,-.22,-.1,-2.52,-2.52,2.81,2.81,];
25.07
Fittest 193
x: [.04,-.04,.02,-.02,.05,-.05,.0,3.18,-3.18,2.4,-2.4,];
y: [-.33,-.33,-.15,-.15,-.22,-.22,-.1,-2.52,-2.52,2.81,2.81,];
25.07
Fittest 194
x: [.04,-.04,.02,-.02,.05,-.05,.0,3.18,-3.18,2.4,-2.4,];
y: [-.33,-.33,-.15,-.15,-.22,-.22,-.1,-2.52,-2.52,2.81,2.81,];
25.07
Fittest 195
x: [.04,-.04,.02,-.02,.05,-.05,.0,3.18,-3.18,2.4,-2.4,];
y: [-.33,-.33,-.15,-.15,-.22,-.22,-.1,-2.52,-2.52,2.81,2.81,];
25.07
Fittest 196
x: [.04,-.04,.02,-.02,.0,-.0,.0,3.18,-3.18,2.4,-2.4,];
y: [-.33,-.33,-.15,-.15,-.13,-.13,-.1,-2.52,-2.52,2.81,2.81,];
25.06
Fittest 197
x: [.04,-.04,.02,-.02,.0,-.0,.0,3.18,-3.18,2.4,-2.4,];
y: [-.33,-.33,-.15,-.15,-.13,-.13,-.1,-2.52,-2.52,2.81,2.81,];
25.06
Fittest 198
x: [.04,-.04,.02,-.02,.0,-.0,.0,3.18,-3.18,2.4,-2.4,];
y: [-.33,-.33,-.15,-.15,-.13,-.13,-.1,-2.52,-2.52,2.81,2.81,];
25.06
Fittest 199
x: [.04,-.04,.02,-.02,.0,-.0,.0,3.18,-3.18,2.4,-2.4,];
y: [-.33,-.33,-.15,-.15,-.13,-.13,-.1,-2.52,-2.52,2.81,2.81,];
25.06
Fittest 200
x: [.04,-.04,.02,-.02,.0,-.0,.0,3.18,-3.18,2.4,-2.4,];
y: [-.33,-.33,-.15,-.15,-.13,-.13,-.1,-2.52,-2.52,2.81,2.81,];
25.06
Fittest 201
x: [.04,-.04,.02,-.02,.0,-.0,.0,3.18,-3.18,2.4,-2.4,];
y: [-.33,-.33,-.15,-.15,-.13,-.13,-.1,-2.52,-2.52,2.81,2.81,];
25.06
Fittest 202
x: [.04,-.04,.02,-.02,.0,-.0,.0,3.18,-3.18,2.4,-2.4,];
y: [-.33,-.33,-.15,-.15,-.13,-.13,-.1,-2.52,-2.52,2.81,2.81,];
25.06
Fittest 203
x: [.04,-.04,.02,-.02,.0,-.0,.0,3.18,-3.18,2.4,-2.4,];
y: [-.33,-.33,-.15,-.15,-.13,-.13,-.1,-2.52,-2.52,2.81,2.81,];
25.06
Fittest 204
x: [.04,-.04,.02,-.02,.0,-.0,.0,3.18,-3.18,2.4,-2.4,];
y: [-.33,-.33,-.15,-.15,-.13,-.13,-.1,-2.52,-2.52,2.81,2.81,];
25.06
Fittest 205
x: [.04,-.04,.02,-.02,.0,-.0,.0,3.18,-3.18,2.4,-2.4,];
y: [-.33,-.33,-.15,-.15,-.13,-.13,-.1,-2.52,-2.52,2.81,2.81,];
25.06
Fittest 206
x: [.04,-.04,.02,-.02,.0,-.0,.0,3.18,-3.18,2.4,-2.4,];
y: [-.33,-.33,-.15,-.15,-.13,-.13,-.1,-2.52,-2.52,2.81,2.81,];
25.06
Fittest 207
x: [.04,-.04,.02,-.02,.0,-.0,.0,3.18,-3.18,2.4,-2.4,];
y: [-.33,-.33,-.15,-.15,-.13,-.13,-.1,-2.52,-2.52,2.81,2.81,];
25.06
Fittest 208
x: [.04,-.04,.02,-.02,.0,-.0,.0,3.18,-3.18,2.4,-2.4,];
y: [-.33,-.33,-.15,-.15,-.13,-.13,-.1,-2.52,-2.52,2.81,2.81,];
25.06
Fittest 209
x: [.04,-.04,.02,-.02,.0,-.0,.0,3.18,-3.18,2.4,-2.4,];
y: [-.33,-.33,-.15,-.15,-.13,-.13,-.1,-2.52,-2.52,2.81,2.81,];
25.06
Fittest 210
x: [.04,-.04,.02,-.02,.0,-.0,.0,3.18,-3.18,2.4,-2.4,];
y: [-.33,-.33,-.15,-.15,-.13,-.13,-.1,-2.52,-2.52,2.81,2.81,];
25.06
Fittest 211
x: [.04,-.04,.02,-.02,.0,-.0,.0,3.18,-3.18,2.4,-2.4,];
y: [-.33,-.33,-.15,-.15,-.13,-.13,-.1,-2.52,-2.52,2.81,2.81,];
25.06
Fittest 212
x: [.04,-.04,.02,-.02,.0,-.0,.0,3.18,-3.18,2.4,-2.4,];
y: [-.33,-.33,-.15,-.15,-.13,-.13,-.1,-2.52,-2.52,2.81,2.81,];
25.06
Fittest 213
x: [.04,-.04,.02,-.02,.0,-.0,.0,3.18,-3.18,2.4,-2.4,];
y: [-.33,-.33,-.15,-.15,-.13,-.13,-.1,-2.52,-2.52,2.81,2.81,];
25.06
Fittest 214
x: [.04,-.04,.02,-.02,.0,-.0,.0,3.18,-3.18,2.4,-2.4,];
y: [-.33,-.33,-.15,-.15,-.13,-.13,-.1,-2.52,-2.52,2.81,2.81,];
25.06
Fittest 215
x: [.04,-.04,.02,-.02,.0,-.0,.0,3.18,-3.18,2.4,-2.4,];
y: [-.33,-.33,-.15,-.15,-.13,-.13,-.1,-2.52,-2.52,2.81,2.81,];
25.06
Fittest 216
x: [.04,-.04,.02,-.02,.0,-.0,.0,3.18,-3.18,2.4,-2.4,];
y: [-.33,-.33,-.15,-.15,-.13,-.13,-.1,-2.52,-2.52,2.81,2.81,];
25.06
Fittest 217
x: [.04,-.04,.02,-.02,.0,-.0,.0,3.18,-3.18,2.4,-2.4,];
y: [-.33,-.33,-.15,-.15,-.13,-.13,-.1,-2.52,-2.52,2.81,2.81,];
25.06
Fittest 218
x: [.04,-.04,.02,-.02,.0,-.0,.0,3.18,-3.18,2.4,-2.4,];
y: [-.33,-.33,-.15,-.15,-.13,-.13,-.1,-2.52,-2.52,2.81,2.81,];
25.06
Fittest 219
x: [.04,-.04,.02,-.02,.0,-.0,.0,3.18,-3.18,2.4,-2.4,];
y: [-.33,-.33,-.15,-.15,-.13,-.13,-.1,-2.52,-2.52,2.81,2.81,];
25.06
Fittest 220
x: [.04,-.04,.02,-.02,.0,-.0,.0,3.18,-3.18,2.4,-2.4,];
y: [-.33,-.33,-.15,-.15,-.13,-.13,-.1,-2.52,-2.52,2.81,2.81,];
25.06
Fittest 221
x: [.04,-.04,.02,-.02,.0,-.0,.0,3.18,-3.18,2.4,-2.4,];
y: [-.33,-.33,-.15,-.15,-.13,-.13,-.1,-2.52,-2.52,2.81,2.81,];
25.06
Fittest 222
x: [.04,-.04,.02,-.02,.0,-.0,.0,3.18,-3.18,2.4,-2.4,];
y: [-.33,-.33,-.15,-.15,-.13,-.13,-.1,-2.52,-2.52,2.81,2.81,];
25.06
Fittest 223
x: [.04,-.04,.02,-.02,.0,-.0,.0,3.18,-3.18,2.4,-2.4,];
y: [-.33,-.33,-.15,-.15,-.13,-.13,-.1,-2.52,-2.52,2.81,2.81,];
25.06
Fittest 224
x: [-.07,.07,.02,-.02,.0,-.0,.0,3.18,-3.18,2.4,-2.4,];
y: [-.22,-.22,-.15,-.15,-.13,-.13,-.1,-2.52,-2.52,2.81,2.81,];
25.06
Fittest 225
x: [-.07,.07,.02,-.02,.0,-.0,.0,3.18,-3.18,2.4,-2.4,];
y: [-.22,-.22,-.15,-.15,-.13,-.13,-.1,-2.52,-2.52,2.81,2.81,];
25.06
Fittest 226
x: [-.07,.07,.02,-.02,.0,-.0,.0,3.18,-3.18,2.4,-2.4,];
y: [-.22,-.22,-.15,-.15,-.13,-.13,-.1,-2.52,-2.52,2.81,2.81,];
25.06
Fittest 227
x: [-.07,.07,.02,-.02,.0,-.0,.0,3.18,-3.18,2.4,-2.4,];
y: [-.22,-.22,-.15,-.15,-.13,-.13,-.1,-2.52,-2.52,2.81,2.81,];
25.06
Fittest 228
x: [-.07,.07,.02,-.02,.0,-.0,.0,3.18,-3.18,2.4,-2.4,];
y: [-.22,-.22,-.15,-.15,-.13,-.13,-.1,-2.52,-2.52,2.81,2.81,];
25.06
Fittest 229
x: [-.07,.07,.02,-.02,.0,-.0,.0,3.18,-3.18,2.4,-2.4,];
y: [-.22,-.22,-.15,-.15,-.13,-.13,-.1,-2.52,-2.52,2.81,2.81,];
25.06
Fittest 230
x: [-.07,.07,.02,-.02,.0,-.0,.0,3.18,-3.18,2.4,-2.4,];
y: [-.22,-.22,-.15,-.15,-.13,-.13,-.1,-2.52,-2.52,2.81,2.81,];
25.06
Fittest 231
x: [-.07,.07,.02,-.02,.0,-.0,.0,3.18,-3.18,2.4,-2.4,];
y: [-.22,-.22,-.15,-.15,-.13,-.13,-.1,-2.52,-2.52,2.81,2.81,];
25.06
Fittest 232
x: [-.07,.07,.02,-.02,.0,-.0,.0,3.18,-3.18,2.4,-2.4,];
y: [-.22,-.22,-.15,-.15,-.13,-.13,-.1,-2.52,-2.52,2.81,2.81,];
25.06
Fittest 233
x: [-.07,.07,.02,-.02,.0,-.0,.0,3.18,-3.18,2.4,-2.4,];
y: [-.22,-.22,-.15,-.15,-.13,-.13,-.1,-2.52,-2.52,2.81,2.81,];
25.06
Fittest 234
x: [-.07,.07,.02,-.02,.0,-.0,.0,3.18,-3.18,2.4,-2.4,];
y: [-.22,-.22,-.15,-.15,-.13,-.13,-.1,-2.52,-2.52,2.81,2.81,];
25.06
Fittest 235
x: [-.07,.07,.02,-.02,.0,-.0,.0,3.18,-3.18,2.4,-2.4,];
y: [-.22,-.22,-.15,-.15,-.13,-.13,-.2,-2.52,-2.52,2.81,2.81,];
25.06
Fittest 236
x: [-.07,.07,.02,-.02,.0,-.0,.0,3.18,-3.18,2.4,-2.4,];
y: [-.22,-.22,-.15,-.15,-.13,-.13,-.2,-2.52,-2.52,2.81,2.81,];
25.06
Fittest 237
x: [-.07,.07,.02,-.02,.0,-.0,.0,3.18,-3.18,2.4,-2.4,];
y: [-.22,-.22,-.15,-.15,-.13,-.13,-.2,-2.52,-2.52,2.81,2.81,];
25.06
Fittest 238
x: [-.07,.07,.02,-.02,.0,-.0,.0,3.18,-3.18,2.4,-2.4,];
y: [-.22,-.22,-.15,-.15,-.13,-.13,-.2,-2.52,-2.52,2.81,2.81,];
25.06
Fittest 239
x: [-.07,.07,.02,-.02,.0,-.0,.0,3.18,-3.18,2.4,-2.4,];
y: [-.22,-.22,-.15,-.15,-.13,-.13,-.2,-2.52,-2.52,2.81,2.81,];
25.06
Fittest 240
x: [-.07,.07,.02,-.02,.0,-.0,.0,3.18,-3.18,2.4,-2.4,];
y: [-.22,-.22,-.15,-.15,-.13,-.13,-.2,-2.52,-2.52,2.81,2.81,];
25.06
Fittest 241
x: [-.07,.07,.02,-.02,.0,-.0,.0,3.18,-3.18,2.4,-2.4,];
y: [-.22,-.22,-.15,-.15,-.13,-.13,-.16,-2.52,-2.52,2.81,2.81,];
25.06
Fittest 242
x: [-.07,.07,.02,-.02,.0,-.0,.0,3.18,-3.18,2.4,-2.4,];
y: [-.22,-.22,-.15,-.15,-.13,-.13,-.16,-2.52,-2.52,2.81,2.81,];
25.06
Fittest 243
x: [.01,-.01,.02,-.02,.0,-.0,.0,3.18,-3.18,2.4,-2.4,];
y: [-.26,-.26,-.15,-.15,-.13,-.13,-.1,-2.52,-2.52,2.81,2.81,];
25.06
Fittest 244
x: [.01,-.01,.02,-.02,.0,-.0,.0,3.18,-3.18,2.4,-2.4,];
y: [-.26,-.26,-.15,-.15,-.13,-.13,-.1,-2.52,-2.52,2.81,2.81,];
25.06
Fittest 245
x: [.01,-.01,.02,-.02,.0,-.0,.0,3.18,-3.18,2.4,-2.4,];
y: [-.26,-.26,-.15,-.15,-.13,-.13,-.1,-2.52,-2.52,2.81,2.81,];
25.06
Fittest 246
x: [.01,-.01,.02,-.02,.0,-.0,.0,3.18,-3.18,2.4,-2.4,];
y: [-.26,-.26,-.15,-.15,-.13,-.13,-.1,-2.52,-2.52,2.81,2.81,];
25.06
Fittest 247
x: [.01,-.01,.02,-.02,.0,-.0,.0,3.18,-3.18,2.4,-2.4,];
y: [-.26,-.26,-.15,-.15,-.13,-.13,-.1,-2.52,-2.52,2.81,2.81,];
25.06
Fittest 248
x: [.01,-.01,.02,-.02,.0,-.0,.0,3.18,-3.18,2.4,-2.4,];
y: [-.26,-.26,-.15,-.15,-.13,-.13,-.1,-2.52,-2.52,2.81,2.81,];
25.06
Fittest 249
x: [.01,-.01,.02,-.02,.0,-.0,.0,3.18,-3.18,2.4,-2.4,];
y: [-.26,-.26,-.15,-.15,-.13,-.13,-.1,-2.52,-2.52,2.81,2.81,];
25.06
Fittest 250
x: [.01,-.01,.02,-.02,.0,-.0,.0,3.18,-3.18,2.4,-2.4,];
y: [-.26,-.26,-.15,-.15,-.13,-.13,-.1,-2.52,-2.52,2.81,2.81,];
25.06
Fittest 251
x: [.01,-.01,.02,-.02,.0,-.0,.0,3.18,-3.18,2.4,-2.4,];
y: [-.26,-.26,-.15,-.15,-.13,-.13,-.1,-2.52,-2.52,2.81,2.81,];
25.06
Fittest 252
x: [.01,-.01,.02,-.02,.0,-.0,.0,3.18,-3.18,2.4,-2.4,];
y: [-.26,-.26,-.15,-.15,-.13,-.13,-.1,-2.52,-2.52,2.81,2.81,];
25.06
Fittest 253
x: [.01,-.01,.02,-.02,.0,-.0,.0,3.18,-3.18,2.4,-2.4,];
y: [-.26,-.26,-.15,-.15,-.13,-.13,-.1,-2.52,-2.52,2.81,2.81,];
25.06
Fittest 254
x: [.01,-.01,.02,-.02,.0,-.0,.0,3.18,-3.18,2.4,-2.4,];
y: [-.26,-.26,-.15,-.15,-.13,-.13,-.1,-2.52,-2.52,2.81,2.81,];
25.06
Fittest 255
x: [.01,-.01,.02,-.02,.0,-.0,.0,3.18,-3.18,2.4,-2.4,];
y: [-.26,-.26,-.15,-.15,-.13,-.13,-.1,-2.52,-2.52,2.81,2.81,];
25.06
Fittest 256
x: [.01,-.01,.02,-.02,.0,-.0,.0,3.18,-3.18,2.4,-2.4,];
y: [-.26,-.26,-.15,-.15,-.13,-.13,-.1,-2.52,-2.52,2.81,2.81,];
25.06
Fittest 257
x: [.01,-.01,.02,-.02,.0,-.0,.0,3.18,-3.18,2.63,-2.63,];
y: [-.26,-.26,-.15,-.15,-.13,-.13,-.1,-2.52,-2.52,2.71,2.71,];
25.05
Fittest 258
x: [.01,-.01,.02,-.02,.0,-.0,.0,3.18,-3.18,2.63,-2.63,];
y: [-.26,-.26,-.15,-.15,-.13,-.13,-.1,-2.52,-2.52,2.71,2.71,];
25.05
Fittest 259
x: [.01,-.01,.02,-.02,.0,-.0,.0,3.18,-3.18,2.63,-2.63,];
y: [-.26,-.26,-.15,-.15,-.13,-.13,-.1,-2.52,-2.52,2.71,2.71,];
25.05
Fittest 260
x: [.01,-.01,.02,-.02,.0,-.0,.0,3.18,-3.18,2.63,-2.63,];
y: [-.26,-.26,-.15,-.15,-.13,-.13,-.1,-2.52,-2.52,2.71,2.71,];
25.05
Fittest 261
x: [.01,-.01,.02,-.02,.0,-.0,.0,3.18,-3.18,2.63,-2.63,];
y: [-.26,-.26,-.15,-.15,-.13,-.13,-.1,-2.52,-2.52,2.71,2.71,];
25.05
Fittest 262
x: [.01,-.01,.02,-.02,.0,-.0,.0,3.18,-3.18,2.63,-2.63,];
y: [-.26,-.26,-.15,-.15,-.13,-.13,-.1,-2.52,-2.52,2.71,2.71,];
25.05
Fittest 263
x: [.01,-.01,.02,-.02,.0,-.0,.0,3.18,-3.18,2.63,-2.63,];
y: [-.26,-.26,-.15,-.15,-.13,-.13,-.1,-2.52,-2.52,2.71,2.71,];
25.05
Fittest 264
x: [.01,-.01,.02,-.02,.0,-.0,.0,3.18,-3.18,2.63,-2.63,];
y: [-.26,-.26,-.15,-.15,-.13,-.13,-.1,-2.52,-2.52,2.71,2.71,];
25.05
Fittest 265
x: [.01,-.01,.02,-.02,.0,-.0,.0,3.18,-3.18,2.36,-2.36,];
y: [-.26,-.26,-.15,-.15,-.13,-.13,-.1,-2.52,-2.52,2.95,2.95,];
25.05
Fittest 266
x: [.01,-.01,.02,-.02,.0,-.0,.0,3.18,-3.18,2.36,-2.36,];
y: [-.26,-.26,-.15,-.15,-.13,-.13,-.1,-2.52,-2.52,2.95,2.95,];
25.05
Fittest 267
x: [.01,-.01,.02,-.02,.0,-.0,.0,3.18,-3.18,2.36,-2.36,];
y: [-.26,-.26,-.15,-.15,-.13,-.13,-.1,-2.52,-2.52,2.95,2.95,];
25.05
Fittest 268
x: [.01,-.01,.02,-.02,.0,-.0,.0,3.18,-3.18,2.36,-2.36,];
y: [-.26,-.26,-.15,-.15,-.13,-.13,-.1,-2.52,-2.52,2.95,2.95,];
25.05
Fittest 269
x: [.01,-.01,.02,-.02,.0,-.0,.0,3.18,-3.18,2.36,-2.36,];
y: [-.26,-.26,-.15,-.15,-.13,-.13,-.1,-2.52,-2.52,2.95,2.95,];
25.05
Fittest 270
x: [.01,-.01,.02,-.02,.0,-.0,.0,3.18,-3.18,2.36,-2.36,];
y: [-.26,-.26,-.15,-.15,-.13,-.13,-.1,-2.52,-2.52,2.95,2.95,];
25.05
Fittest 271
x: [.01,-.01,.02,-.02,.0,-.0,.0,3.18,-3.18,2.36,-2.36,];
y: [-.26,-.26,-.15,-.15,-.13,-.13,-.1,-2.52,-2.52,2.95,2.95,];
25.05
Fittest 272
x: [.01,-.01,.02,-.02,.0,-.0,.0,3.18,-3.18,2.36,-2.36,];
y: [-.26,-.26,-.15,-.15,-.13,-.13,-.1,-2.52,-2.52,2.95,2.95,];
25.05
Fittest 273
x: [.01,-.01,.02,-.02,.0,-.0,.0,3.18,-3.18,2.36,-2.36,];
y: [-.26,-.26,-.15,-.15,-.13,-.13,-.13,-2.52,-2.52,2.95,2.95,];
25.05
Fittest 274
x: [.01,-.01,.02,-.02,.0,-.0,.0,3.18,-3.18,2.36,-2.36,];
y: [-.26,-.26,-.15,-.15,-.13,-.13,-.12,-2.52,-2.52,2.95,2.95,];
25.05
Fittest 275
x: [.01,-.01,.02,-.02,.0,-.0,.0,3.18,-3.18,2.36,-2.36,];
y: [-.26,-.26,-.15,-.15,-.13,-.13,-.12,-2.52,-2.52,2.95,2.95,];
25.05
Fittest 276
x: [.01,-.01,.02,-.02,.0,-.0,.0,3.18,-3.18,2.36,-2.36,];
y: [-.26,-.26,-.15,-.15,-.13,-.13,-.12,-2.52,-2.52,2.95,2.95,];
25.05
Fittest 277
x: [.01,-.01,.02,-.02,.0,-.0,.0,3.18,-3.18,2.36,-2.36,];
y: [-.26,-.26,-.15,-.15,-.13,-.13,-.12,-2.52,-2.52,2.95,2.95,];
25.05
Fittest 278
x: [.01,-.01,.02,-.02,.0,-.0,.0,3.18,-3.18,2.36,-2.36,];
y: [-.26,-.26,-.15,-.15,-.13,-.13,-.12,-2.52,-2.52,2.95,2.95,];
25.05
Fittest 279
x: [.01,-.01,.02,-.02,.0,-.0,.0,3.18,-3.18,2.36,-2.36,];
y: [-.26,-.26,-.15,-.15,-.13,-.13,-.12,-2.52,-2.52,2.95,2.95,];
25.05
Fittest 280
x: [.01,-.01,.02,-.02,.0,-.0,.0,3.18,-3.18,2.36,-2.36,];
y: [-.26,-.26,-.15,-.15,-.13,-.13,-.12,-2.52,-2.52,2.95,2.95,];
25.05
Fittest 281
x: [.01,-.01,.02,-.02,.0,-.0,.0,3.18,-3.18,2.36,-2.36,];
y: [-.26,-.26,-.15,-.15,-.13,-.13,-.12,-2.52,-2.52,2.95,2.95,];
25.05
Fittest 282
x: [.01,-.01,-.02,.02,.0,-.0,.0,3.18,-3.18,2.36,-2.36,];
y: [-.26,-.26,-.16,-.16,-.13,-.13,-.1,-2.52,-2.52,2.95,2.95,];
25.05
Fittest 283
x: [.01,-.01,-.02,.02,.0,-.0,.0,3.18,-3.18,2.36,-2.36,];
y: [-.26,-.26,-.16,-.16,-.13,-.13,-.1,-2.52,-2.52,2.95,2.95,];
25.05
Fittest 284
x: [.01,-.01,-.02,.02,.0,-.0,.0,3.18,-3.18,2.36,-2.36,];
y: [-.26,-.26,-.16,-.16,-.13,-.13,-.1,-2.52,-2.52,2.95,2.95,];
25.05
Fittest 285
x: [.01,-.01,-.02,.02,.0,-.0,.0,3.18,-3.18,2.36,-2.36,];
y: [-.26,-.26,-.16,-.16,-.13,-.13,-.1,-2.52,-2.52,2.95,2.95,];
25.05
Fittest 286
x: [.01,-.01,-.02,.02,.0,-.0,.0,3.18,-3.18,2.36,-2.36,];
y: [-.26,-.26,-.16,-.16,-.13,-.13,-.1,-2.52,-2.52,2.95,2.95,];
25.05
Fittest 287
x: [.01,-.01,-.02,.02,.0,-.0,.0,3.18,-3.18,2.36,-2.36,];
y: [-.26,-.26,-.16,-.16,-.13,-.13,-.1,-2.52,-2.52,2.95,2.95,];
25.05
Fittest 288
x: [.01,-.01,-.02,.02,.0,-.0,.0,3.18,-3.18,2.36,-2.36,];
y: [-.26,-.26,-.16,-.16,-.13,-.13,-.1,-2.52,-2.52,2.95,2.95,];
25.05
Fittest 289
x: [.01,-.01,.02,-.02,.0,-.0,.0,3.18,-3.18,2.55,-2.55,];
y: [-.26,-.26,-.15,-.15,-.13,-.13,-.12,-2.52,-2.52,2.8,2.8,];
25.05
Fittest 290
x: [.01,-.01,.02,-.02,.0,-.0,.0,3.18,-3.18,2.55,-2.55,];
y: [-.26,-.26,-.15,-.15,-.13,-.13,-.12,-2.52,-2.52,2.8,2.8,];
25.05
Fittest 291
x: [.01,-.01,.02,-.02,.0,-.0,.0,3.18,-3.18,2.55,-2.55,];
y: [-.26,-.26,-.15,-.15,-.13,-.13,-.12,-2.52,-2.52,2.8,2.8,];
25.05
Fittest 292
x: [.01,-.01,.02,-.02,.0,-.0,.0,3.18,-3.18,2.55,-2.55,];
y: [-.26,-.26,-.15,-.15,-.13,-.13,-.12,-2.52,-2.52,2.8,2.8,];
25.05
Fittest 293
x: [.01,-.01,.02,-.02,.0,-.0,.0,3.18,-3.18,2.55,-2.55,];
y: [-.26,-.26,-.15,-.15,-.13,-.13,-.12,-2.52,-2.52,2.8,2.8,];
25.05
Fittest 294
x: [.01,-.01,.02,-.02,.0,-.0,.0,3.18,-3.18,2.55,-2.55,];
y: [-.26,-.26,-.15,-.15,-.13,-.13,-.12,-2.52,-2.52,2.8,2.8,];
25.05
Fittest 295
x: [.01,-.01,.02,-.02,.0,-.0,.0,3.18,-3.18,2.55,-2.55,];
y: [-.26,-.26,-.15,-.15,-.13,-.13,-.12,-2.52,-2.52,2.8,2.8,];
25.05
Fittest 296
x: [.01,-.01,.02,-.02,.0,-.0,.0,3.18,-3.18,2.55,-2.55,];
y: [-.26,-.26,-.15,-.15,-.13,-.13,-.12,-2.52,-2.52,2.8,2.8,];
25.05
Fittest 297
x: [.01,-.01,.02,-.02,.0,-.0,.0,3.18,-3.18,2.55,-2.55,];
y: [-.26,-.26,-.15,-.15,-.13,-.13,-.12,-2.52,-2.52,2.8,2.8,];
25.05
Fittest 298
x: [.01,-.01,.02,-.02,.0,-.0,.0,3.18,-3.18,2.55,-2.55,];
y: [-.26,-.26,-.15,-.15,-.13,-.13,-.12,-2.52,-2.52,2.8,2.8,];
25.05
Fittest 299
x: [.01,-.01,.02,-.02,.0,-.0,.0,3.18,-3.18,2.55,-2.55,];
y: [-.26,-.26,-.15,-.15,-.13,-.13,-.12,-2.52,-2.52,2.8,2.8,];
25.05
Fittest 300
x: [.01,-.01,.02,-.02,.0,-.0,.0,3.18,-3.18,2.55,-2.55,];
y: [-.26,-.26,-.15,-.15,-.13,-.13,-.12,-2.52,-2.52,2.8,2.8,];
25.05
Fittest 301
x: [.01,-.01,.02,-.02,.0,-.0,.0,3.18,-3.18,2.55,-2.55,];
y: [-.26,-.26,-.15,-.15,-.13,-.13,-.12,-2.52,-2.52,2.8,2.8,];
25.05
Fittest 302
x: [.01,-.01,.02,-.02,.0,-.0,.0,3.18,-3.18,2.55,-2.55,];
y: [-.26,-.26,-.15,-.15,-.13,-.13,-.12,-2.52,-2.52,2.8,2.8,];
25.05
Fittest 303
x: [.01,-.01,.02,-.02,.0,-.0,.0,3.18,-3.18,2.55,-2.55,];
y: [-.26,-.26,-.15,-.15,-.13,-.13,-.11,-2.52,-2.52,2.8,2.8,];
25.05
Fittest 304
x: [.01,-.01,.02,-.02,.0,-.0,.0,3.18,-3.18,2.55,-2.55,];
y: [-.26,-.26,-.15,-.15,-.13,-.13,-.11,-2.52,-2.52,2.8,2.8,];
25.05
Fittest 305
x: [.01,-.01,.02,-.02,.0,-.0,.0,3.18,-3.18,2.55,-2.55,];
y: [-.26,-.26,-.15,-.15,-.13,-.13,-.11,-2.52,-2.52,2.8,2.8,];
25.05
Fittest 306
x: [.01,-.01,.02,-.02,.0,-.0,.0,3.18,-3.18,2.55,-2.55,];
y: [-.26,-.26,-.15,-.15,-.13,-.13,-.11,-2.52,-2.52,2.8,2.8,];
25.05
Fittest 307
x: [.01,-.01,.02,-.02,.0,-.0,.0,3.18,-3.18,2.55,-2.55,];
y: [-.26,-.26,-.15,-.15,-.13,-.13,-.11,-2.52,-2.52,2.8,2.8,];
25.05
Fittest 308
x: [.01,-.01,.02,-.02,.0,-.0,.0,3.18,-3.18,2.55,-2.55,];
y: [-.26,-.26,-.15,-.15,-.13,-.13,-.11,-2.52,-2.52,2.8,2.8,];
25.05
Fittest 309
x: [.01,-.01,.02,-.02,.0,-.0,.0,3.18,-3.18,2.55,-2.55,];
y: [-.26,-.26,-.15,-.15,-.13,-.13,-.11,-2.52,-2.52,2.8,2.8,];
25.05
Fittest 310
x: [.01,-.01,.02,-.02,.0,-.0,.0,3.18,-3.18,2.55,-2.55,];
y: [-.26,-.26,-.15,-.15,-.13,-.13,-.11,-2.52,-2.52,2.8,2.8,];
25.05
Fittest 311
x: [.01,-.01,.02,-.02,.0,-.0,.0,3.18,-3.18,2.55,-2.55,];
y: [-.26,-.26,-.15,-.15,-.13,-.13,-.11,-2.52,-2.52,2.8,2.8,];
25.05
Fittest 312
x: [.01,-.01,.02,-.02,.0,-.0,.0,3.18,-3.18,2.55,-2.55,];
y: [-.26,-.26,-.15,-.15,-.13,-.13,-.11,-2.52,-2.52,2.8,2.8,];
25.05
Fittest 313
x: [.01,-.01,.02,-.02,.0,-.0,.0,3.18,-3.18,2.55,-2.55,];
y: [-.26,-.26,-.15,-.15,-.13,-.13,-.11,-2.52,-2.52,2.8,2.8,];
25.05
Fittest 314
x: [.01,-.01,.02,-.02,.0,-.0,.0,3.18,-3.18,2.55,-2.55,];
y: [-.26,-.26,-.15,-.15,-.13,-.13,-.11,-2.52,-2.52,2.8,2.8,];
25.05
Fittest 315
x: [.01,-.01,.02,-.02,.0,-.0,.0,3.18,-3.18,2.55,-2.55,];
y: [-.26,-.26,-.15,-.15,-.13,-.13,-.11,-2.52,-2.52,2.8,2.8,];
25.05
Fittest 316
x: [.01,-.01,.02,-.02,.0,-.0,.0,3.18,-3.18,2.55,-2.55,];
y: [-.26,-.26,-.15,-.15,-.13,-.13,-.11,-2.52,-2.52,2.8,2.8,];
25.05
Fittest 317
x: [.01,-.01,.02,-.02,.0,-.0,.0,3.18,-3.18,2.55,-2.55,];
y: [-.26,-.26,-.15,-.15,-.13,-.13,-.11,-2.52,-2.52,2.8,2.8,];
25.05
Fittest 318
x: [.01,-.01,.02,-.02,.0,-.0,.0,3.18,-3.18,2.55,-2.55,];
y: [-.26,-.26,-.15,-.15,-.13,-.13,-.11,-2.52,-2.52,2.8,2.8,];
25.05
Fittest 319
x: [-.01,.01,.02,-.02,.0,-.0,.0,3.18,-3.18,2.55,-2.55,];
y: [-.22,-.22,-.15,-.15,-.13,-.13,-.11,-2.52,-2.52,2.8,2.8,];
25.05
Fittest 320
x: [-.01,.01,.02,-.02,.0,-.0,.0,3.18,-3.18,2.55,-2.55,];
y: [-.22,-.22,-.15,-.15,-.13,-.13,-.11,-2.52,-2.52,2.8,2.8,];
25.05
Fittest 321
x: [-.01,.01,.02,-.02,.0,-.0,.0,3.18,-3.18,2.55,-2.55,];
y: [-.22,-.22,-.15,-.15,-.13,-.13,-.11,-2.52,-2.52,2.8,2.8,];
25.05
Fittest 322
x: [-.01,.01,.02,-.02,.0,-.0,.0,3.18,-3.18,2.55,-2.55,];
y: [-.22,-.22,-.15,-.15,-.13,-.13,-.11,-2.52,-2.52,2.8,2.8,];
25.05
Fittest 323
x: [-.01,.01,.02,-.02,.0,-.0,.0,3.18,-3.18,2.55,-2.55,];
y: [-.22,-.22,-.15,-.15,-.13,-.13,-.11,-2.52,-2.52,2.8,2.8,];
25.05
Fittest 324
x: [-.01,.01,.02,-.02,.0,-.0,.0,3.18,-3.18,2.55,-2.55,];
y: [-.22,-.22,-.15,-.15,-.13,-.13,-.11,-2.52,-2.52,2.8,2.8,];
25.05
Fittest 325
x: [-.01,.01,.02,-.02,.0,-.0,.0,3.18,-3.18,2.55,-2.55,];
y: [-.22,-.22,-.15,-.15,-.13,-.13,-.11,-2.52,-2.52,2.8,2.8,];
25.05
Fittest 326
x: [-.01,.01,.02,-.02,.0,-.0,.0,3.18,-3.18,2.55,-2.55,];
y: [-.22,-.22,-.15,-.15,-.13,-.13,-.11,-2.52,-2.52,2.8,2.8,];
25.05
Fittest 327
x: [-.01,.01,.02,-.02,.0,-.0,.0,3.18,-3.18,2.55,-2.55,];
y: [-.22,-.22,-.15,-.15,-.13,-.13,-.11,-2.52,-2.52,2.8,2.8,];
25.05
Fittest 328
x: [-.01,.01,.02,-.02,.0,-.0,.0,3.18,-3.18,2.55,-2.55,];
y: [-.22,-.22,-.15,-.15,-.13,-.13,-.11,-2.52,-2.52,2.8,2.8,];
25.05
Fittest 329
x: [-.01,.01,.02,-.02,.0,-.0,.0,3.18,-3.18,2.55,-2.55,];
y: [-.22,-.22,-.15,-.15,-.13,-.13,-.11,-2.52,-2.52,2.8,2.8,];
25.05
Fittest 330
x: [-.01,.01,.02,-.02,.0,-.0,.0,3.18,-3.18,2.55,-2.55,];
y: [-.22,-.22,-.15,-.15,-.13,-.13,-.11,-2.52,-2.52,2.8,2.8,];
25.05
Fittest 331
x: [-.01,.01,.02,-.02,.0,-.0,.0,3.18,-3.18,2.55,-2.55,];
y: [-.22,-.22,-.15,-.15,-.13,-.13,-.11,-2.52,-2.52,2.8,2.8,];
25.05
Fittest 332
x: [-.01,.01,.02,-.02,.0,-.0,.0,3.18,-3.18,2.55,-2.55,];
y: [-.22,-.22,-.15,-.15,-.13,-.13,-.1,-2.52,-2.52,2.8,2.8,];
25.05
Fittest 333
x: [-.01,.01,.02,-.02,.0,-.0,.0,3.18,-3.18,2.55,-2.55,];
y: [-.22,-.22,-.15,-.15,-.13,-.13,-.1,-2.52,-2.52,2.8,2.8,];
25.05
Fittest 334
x: [-.01,.01,.02,-.02,.0,-.0,.0,3.18,-3.18,2.55,-2.55,];
y: [-.22,-.22,-.15,-.15,-.13,-.13,-.1,-2.52,-2.52,2.8,2.8,];
25.05
Fittest 335
x: [-.01,.01,.02,-.02,.0,-.0,.0,3.18,-3.18,2.55,-2.55,];
y: [-.22,-.22,-.15,-.15,-.13,-.13,-.1,-2.52,-2.52,2.8,2.8,];
25.05
Fittest 336
x: [-.01,.01,.02,-.02,.0,-.0,.0,3.18,-3.18,2.55,-2.55,];
y: [-.22,-.22,-.15,-.15,-.13,-.13,-.1,-2.52,-2.52,2.8,2.8,];
25.05
Fittest 337
x: [-.01,.01,.02,-.02,.0,-.0,.0,3.18,-3.18,2.55,-2.55,];
y: [-.22,-.22,-.15,-.15,-.13,-.13,-.1,-2.52,-2.52,2.8,2.8,];
25.05
Fittest 338
x: [-.01,.01,.02,-.02,.0,-.0,.0,3.18,-3.18,2.55,-2.55,];
y: [-.22,-.22,-.15,-.15,-.13,-.13,-.1,-2.52,-2.52,2.8,2.8,];
25.05
Fittest 339
x: [-.01,.01,.02,-.02,.0,-.0,.0,3.18,-3.18,2.55,-2.55,];
y: [-.22,-.22,-.15,-.15,-.13,-.13,-.1,-2.52,-2.52,2.8,2.8,];
25.05
Fittest 340
x: [-.01,.01,.02,-.02,.0,-.0,.0,3.18,-3.18,2.55,-2.55,];
y: [-.22,-.22,-.15,-.15,-.13,-.13,-.1,-2.52,-2.52,2.8,2.8,];
25.05
Fittest 341
x: [-.01,.01,.02,-.02,.0,-.0,.0,3.18,-3.18,2.43,-2.43,];
y: [-.22,-.22,-.15,-.15,-.13,-.13,-.11,-2.52,-2.52,2.93,2.93,];
25.04
Fittest 342
x: [-.01,.01,.02,-.02,.0,-.0,.0,3.18,-3.18,2.43,-2.43,];
y: [-.22,-.22,-.15,-.15,-.13,-.13,-.11,-2.52,-2.52,2.93,2.93,];
25.04
Fittest 343
x: [-.01,.01,.02,-.02,.0,-.0,.0,3.18,-3.18,2.43,-2.43,];
y: [-.22,-.22,-.15,-.15,-.13,-.13,-.11,-2.52,-2.52,2.93,2.93,];
25.04
Fittest 344
x: [-.01,.01,.02,-.02,.0,-.0,.0,3.18,-3.18,2.43,-2.43,];
y: [-.22,-.22,-.15,-.15,-.13,-.13,-.11,-2.52,-2.52,2.93,2.93,];
25.04
Fittest 345
x: [-.01,.01,.02,-.02,.0,-.0,.0,3.18,-3.18,2.43,-2.43,];
y: [-.22,-.22,-.15,-.15,-.13,-.13,-.11,-2.52,-2.52,2.93,2.93,];
25.04
Fittest 346
x: [-.01,.01,.02,-.02,.0,-.0,.0,3.18,-3.18,2.43,-2.43,];
y: [-.22,-.22,-.15,-.15,-.13,-.13,-.11,-2.52,-2.52,2.93,2.93,];
25.04
Fittest 347
x: [-.01,.01,.02,-.02,.0,-.0,.0,3.18,-3.18,2.43,-2.43,];
y: [-.22,-.22,-.15,-.15,-.13,-.13,-.11,-2.52,-2.52,2.93,2.93,];
25.04
Fittest 348
x: [-.01,.01,.02,-.02,.0,-.0,.0,3.18,-3.18,2.43,-2.43,];
y: [-.22,-.22,-.15,-.15,-.13,-.13,-.11,-2.52,-2.52,2.93,2.93,];
25.04
Fittest 349
x: [-.01,.01,.02,-.02,.0,-.0,.0,3.18,-3.18,2.43,-2.43,];
y: [-.22,-.22,-.15,-.15,-.13,-.13,-.11,-2.52,-2.52,2.93,2.93,];
25.04
Fittest 350
x: [-.01,.01,.02,-.02,.0,-.0,.0,3.18,-3.18,2.43,-2.43,];
y: [-.22,-.22,-.15,-.15,-.13,-.13,-.11,-2.52,-2.52,2.93,2.93,];
25.04
Fittest 351
x: [-.01,.01,.02,-.02,.0,-.0,.0,3.18,-3.18,2.43,-2.43,];
y: [-.22,-.22,-.15,-.15,-.13,-.13,-.11,-2.52,-2.52,2.93,2.93,];
25.04
Fittest 352
x: [-.01,.01,.02,-.02,.0,-.0,.0,3.18,-3.18,2.43,-2.43,];
y: [-.22,-.22,-.15,-.15,-.13,-.13,-.11,-2.52,-2.52,2.93,2.93,];
25.04
Fittest 353
x: [-.01,.01,.02,-.02,.0,-.0,.0,3.18,-3.18,2.43,-2.43,];
y: [-.22,-.22,-.15,-.15,-.13,-.13,-.11,-2.52,-2.52,2.93,2.93,];
25.04
Fittest 354
x: [-.01,.01,.02,-.02,.0,-.0,.0,3.18,-3.18,2.43,-2.43,];
y: [-.22,-.22,-.15,-.15,-.13,-.13,-.11,-2.52,-2.52,2.93,2.93,];
25.04
Fittest 355
x: [-.01,.01,.02,-.02,.0,-.0,.0,3.18,-3.18,2.43,-2.43,];
y: [-.22,-.22,-.15,-.15,-.13,-.13,-.11,-2.52,-2.52,2.93,2.93,];
25.04
Fittest 356
x: [-.01,.01,.02,-.02,.0,-.0,.0,3.18,-3.18,2.43,-2.43,];
y: [-.22,-.22,-.15,-.15,-.13,-.13,-.11,-2.52,-2.52,2.93,2.93,];
25.04
Fittest 357
x: [-.01,.01,.02,-.02,.0,-.0,.0,3.18,-3.18,2.43,-2.43,];
y: [-.22,-.22,-.15,-.15,-.13,-.13,-.11,-2.52,-2.52,2.93,2.93,];
25.04
Fittest 358
x: [-.01,.01,.02,-.02,.0,-.0,.0,3.18,-3.18,2.43,-2.43,];
y: [-.22,-.22,-.15,-.15,-.13,-.13,-.11,-2.52,-2.52,2.93,2.93,];
25.04
Fittest 359
x: [-.01,.01,.02,-.02,.0,-.0,.0,3.18,-3.18,2.43,-2.43,];
y: [-.22,-.22,-.15,-.15,-.13,-.13,-.11,-2.52,-2.52,2.93,2.93,];
25.04
Fittest 360
x: [-.01,.01,.02,-.02,.0,-.0,.0,3.18,-3.18,2.43,-2.43,];
y: [-.22,-.22,-.15,-.15,-.13,-.13,-.11,-2.52,-2.52,2.93,2.93,];
25.04
Fittest 361
x: [-.01,.01,.02,-.02,.0,-.0,.0,3.18,-3.18,2.43,-2.43,];
y: [-.22,-.22,-.15,-.15,-.13,-.13,-.11,-2.52,-2.52,2.93,2.93,];
25.04
Fittest 362
x: [-.01,.01,.02,-.02,.0,-.0,.0,3.18,-3.18,2.43,-2.43,];
y: [-.22,-.22,-.15,-.15,-.13,-.13,-.11,-2.52,-2.52,2.93,2.93,];
25.04
Fittest 363
x: [-.01,.01,.02,-.02,.0,-.0,.0,3.18,-3.18,2.43,-2.43,];
y: [-.22,-.22,-.15,-.15,-.13,-.13,-.11,-2.52,-2.52,2.93,2.93,];
25.04
Fittest 364
x: [-.01,.01,.02,-.02,.0,-.0,.0,3.18,-3.18,2.43,-2.43,];
y: [-.22,-.22,-.15,-.15,-.13,-.13,-.11,-2.52,-2.52,2.93,2.93,];
25.04
Fittest 365
x: [-.01,.01,.02,-.02,.0,-.0,.0,3.18,-3.18,2.43,-2.43,];
y: [-.22,-.22,-.15,-.15,-.13,-.13,-.11,-2.52,-2.52,2.93,2.93,];
25.04
Fittest 366
x: [-.01,.01,.02,-.02,.0,-.0,.0,3.18,-3.18,2.43,-2.43,];
y: [-.22,-.22,-.15,-.15,-.13,-.13,-.11,-2.52,-2.52,2.93,2.93,];
25.04
Fittest 367
x: [-.01,.01,.02,-.02,.0,-.0,.0,3.18,-3.18,2.43,-2.43,];
y: [-.22,-.22,-.15,-.15,-.13,-.13,-.11,-2.52,-2.52,2.93,2.93,];
25.04
Fittest 368
x: [-.01,.01,.02,-.02,.0,-.0,.0,3.18,-3.18,2.43,-2.43,];
y: [-.22,-.22,-.15,-.15,-.13,-.13,-.11,-2.52,-2.52,2.93,2.93,];
25.04
Fittest 369
x: [-.01,.01,.02,-.02,.0,-.0,.0,3.18,-3.18,2.43,-2.43,];
y: [-.22,-.22,-.15,-.15,-.13,-.13,-.11,-2.52,-2.52,2.93,2.93,];
25.04
Fittest 370
x: [-.01,.01,.02,-.02,.0,-.0,.0,3.18,-3.18,2.43,-2.43,];
y: [-.22,-.22,-.15,-.15,-.13,-.13,-.11,-2.52,-2.52,2.93,2.93,];
25.04
Fittest 371
x: [-.01,.01,.02,-.02,.0,-.0,.0,3.18,-3.18,2.43,-2.43,];
y: [-.22,-.22,-.15,-.15,-.13,-.13,-.11,-2.52,-2.52,2.93,2.93,];
25.04
Fittest 372
x: [-.01,.01,.02,-.02,.0,-.0,.0,3.18,-3.18,2.43,-2.43,];
y: [-.22,-.22,-.15,-.15,-.13,-.13,-.11,-2.52,-2.52,2.93,2.93,];
25.04
Fittest 373
x: [-.01,.01,.02,-.02,.0,-.0,.0,3.18,-3.18,2.43,-2.43,];
y: [-.22,-.22,-.15,-.15,-.13,-.13,-.11,-2.52,-2.52,2.93,2.93,];
25.04
Fittest 374
x: [-.01,.01,.02,-.02,.0,-.0,.0,3.18,-3.18,2.43,-2.43,];
y: [-.22,-.22,-.15,-.15,-.13,-.13,-.11,-2.52,-2.52,2.93,2.93,];
25.04
Fittest 375
x: [-.01,.01,.02,-.02,.0,-.0,.0,3.18,-3.18,2.43,-2.43,];
y: [-.22,-.22,-.15,-.15,-.13,-.13,-.11,-2.52,-2.52,2.93,2.93,];
25.04
Fittest 376
x: [-.01,.01,.02,-.02,.0,-.0,.0,3.18,-3.18,2.43,-2.43,];
y: [-.22,-.22,-.15,-.15,-.13,-.13,-.11,-2.52,-2.52,2.93,2.93,];
25.04
Fittest 377
x: [-.01,.01,.02,-.02,.0,-.0,.0,3.18,-3.18,2.43,-2.43,];
y: [-.22,-.22,-.15,-.15,-.13,-.13,-.11,-2.52,-2.52,2.93,2.93,];
25.04
Fittest 378
x: [-.01,.01,.02,-.02,.0,-.0,.0,3.18,-3.18,2.43,-2.43,];
y: [-.22,-.22,-.15,-.15,-.13,-.13,-.11,-2.52,-2.52,2.93,2.93,];
25.04
Fittest 379
x: [-.01,.01,.02,-.02,.0,-.0,.0,3.18,-3.18,2.43,-2.43,];
y: [-.22,-.22,-.15,-.15,-.13,-.13,-.11,-2.52,-2.52,2.93,2.93,];
25.04
Fittest 380
x: [-.01,.01,.02,-.02,.0,-.0,.0,3.18,-3.18,2.43,-2.43,];
y: [-.22,-.22,-.15,-.15,-.13,-.13,-.11,-2.52,-2.52,2.93,2.93,];
25.04
Fittest 381
x: [-.01,.01,.02,-.02,.0,-.0,.0,3.18,-3.18,2.43,-2.43,];
y: [-.22,-.22,-.15,-.15,-.13,-.13,-.11,-2.52,-2.52,2.93,2.93,];
25.04
Fittest 382
x: [-.01,.01,.02,-.02,.0,-.0,.0,3.18,-3.18,2.43,-2.43,];
y: [-.22,-.22,-.15,-.15,-.13,-.13,-.11,-2.52,-2.52,2.93,2.93,];
25.04
Fittest 383
x: [-.01,.01,.02,-.02,.0,-.0,.0,3.18,-3.18,2.43,-2.43,];
y: [-.22,-.22,-.15,-.15,-.13,-.13,-.11,-2.52,-2.52,2.93,2.93,];
25.04
Fittest 384
x: [-.01,.01,.02,-.02,.0,-.0,.0,3.18,-3.18,2.43,-2.43,];
y: [-.22,-.22,-.15,-.15,-.13,-.13,-.11,-2.52,-2.52,2.93,2.93,];
25.04
Fittest 385
x: [-.01,.01,.02,-.02,.0,-.0,.0,3.18,-3.18,2.43,-2.43,];
y: [-.22,-.22,-.15,-.15,-.13,-.13,-.1,-2.52,-2.52,2.93,2.93,];
25.04
Fittest 386
x: [-.01,.01,.02,-.02,.0,-.0,.0,3.18,-3.18,2.43,-2.43,];
y: [-.22,-.22,-.15,-.15,-.13,-.13,-.1,-2.52,-2.52,2.93,2.93,];
25.04
Fittest 387
x: [-.01,.01,.02,-.02,.0,-.0,.0,3.18,-3.18,2.43,-2.43,];
y: [-.22,-.22,-.15,-.15,-.13,-.13,-.1,-2.52,-2.52,2.93,2.93,];
25.04
Fittest 388
x: [-.01,.01,.02,-.02,.0,-.0,.0,3.18,-3.18,2.43,-2.43,];
y: [-.22,-.22,-.15,-.15,-.13,-.13,-.1,-2.52,-2.52,2.93,2.93,];
25.04
Fittest 389
x: [-.01,.01,.02,-.02,.0,-.0,.0,3.18,-3.18,2.43,-2.43,];
y: [-.22,-.22,-.15,-.15,-.13,-.13,-.1,-2.52,-2.52,2.93,2.93,];
25.04
Fittest 390
x: [-.01,.01,.02,-.02,.0,-.0,.0,3.18,-3.18,2.43,-2.43,];
y: [-.22,-.22,-.15,-.15,-.13,-.13,-.1,-2.52,-2.52,2.93,2.93,];
25.04
Fittest 391
x: [-.01,.01,.02,-.02,.0,-.0,.0,3.18,-3.18,2.43,-2.43,];
y: [-.22,-.22,-.15,-.15,-.13,-.13,-.1,-2.52,-2.52,2.93,2.93,];
25.04
Fittest 392
x: [-.01,.01,.02,-.02,.0,-.0,.0,3.18,-3.18,2.43,-2.43,];
y: [-.22,-.22,-.15,-.15,-.13,-.13,-.1,-2.52,-2.52,2.93,2.93,];
25.04
Fittest 393
x: [-.01,.01,.02,-.02,.0,-.0,.0,3.18,-3.18,2.43,-2.43,];
y: [-.22,-.22,-.15,-.15,-.13,-.13,-.1,-2.52,-2.52,2.93,2.93,];
25.04
Fittest 394
x: [-.01,.01,.02,-.02,.0,-.0,.0,3.09,-3.09,2.43,-2.43,];
y: [-.22,-.22,-.15,-.15,-.13,-.13,-.11,-2.62,-2.62,2.93,2.93,];
25.04
Fittest 395
x: [-.01,.01,.02,-.02,.0,-.0,.0,3.09,-3.09,2.43,-2.43,];
y: [-.22,-.22,-.15,-.15,-.13,-.13,-.11,-2.62,-2.62,2.93,2.93,];
25.04
Fittest 396
x: [-.01,.01,.02,-.02,.0,-.0,.0,3.09,-3.09,2.43,-2.43,];
y: [-.22,-.22,-.15,-.15,-.13,-.13,-.11,-2.62,-2.62,2.93,2.93,];
25.04
Fittest 397
x: [-.01,.01,.02,-.02,.0,-.0,.0,3.09,-3.09,2.43,-2.43,];
y: [-.22,-.22,-.15,-.15,-.13,-.13,-.11,-2.62,-2.62,2.93,2.93,];
25.04
Fittest 398
x: [-.01,.01,.02,-.02,.0,-.0,.0,3.09,-3.09,2.43,-2.43,];
y: [-.22,-.22,-.15,-.15,-.13,-.13,-.11,-2.62,-2.62,2.93,2.93,];
25.04
Fittest 399
x: [-.01,.01,.02,-.02,.0,-.0,.0,3.09,-3.09,2.43,-2.43,];
y: [-.22,-.22,-.15,-.15,-.13,-.13,-.11,-2.62,-2.62,2.93,2.93,];
25.04
Fittest 400
x: [-.01,.01,.02,-.02,.0,-.0,.0,3.09,-3.09,2.43,-2.43,];
y: [-.22,-.22,-.15,-.15,-.13,-.13,-.11,-2.62,-2.62,2.93,2.93,];
25.04
Fittest 401
x: [-.01,.01,.02,-.02,.0,-.0,.0,3.09,-3.09,2.43,-2.43,];
y: [-.22,-.22,-.15,-.15,-.13,-.13,-.11,-2.62,-2.62,2.93,2.93,];
25.04
Fittest 402
x: [-.01,.01,.02,-.02,.0,-.0,.0,3.09,-3.09,2.43,-2.43,];
y: [-.22,-.22,-.15,-.15,-.13,-.13,-.11,-2.62,-2.62,2.93,2.93,];
25.04
Fittest 403
x: [-.01,.01,.02,-.02,.0,-.0,.0,3.09,-3.09,2.43,-2.43,];
y: [-.22,-.22,-.15,-.15,-.13,-.13,-.11,-2.62,-2.62,2.93,2.93,];
25.04
Fittest 404
x: [-.01,.01,.02,-.02,.0,-.0,.0,3.09,-3.09,2.43,-2.43,];
y: [-.22,-.22,-.15,-.15,-.13,-.13,-.11,-2.62,-2.62,2.93,2.93,];
25.04
Fittest 405
x: [-.01,.01,.02,-.02,.0,-.0,.0,3.09,-3.09,2.43,-2.43,];
y: [-.22,-.22,-.15,-.15,-.13,-.13,-.11,-2.62,-2.62,2.93,2.93,];
25.04
Fittest 406
x: [-.01,.01,.02,-.02,.0,-.0,.0,3.09,-3.09,2.43,-2.43,];
y: [-.22,-.22,-.15,-.15,-.13,-.13,-.1,-2.62,-2.62,2.93,2.93,];
25.04
Fittest 407
x: [-.01,.01,.02,-.02,.0,-.0,.0,3.09,-3.09,2.43,-2.43,];
y: [-.22,-.22,-.15,-.15,-.13,-.13,-.1,-2.62,-2.62,2.93,2.93,];
25.04
Fittest 408
x: [-.01,.01,.02,-.02,.0,-.0,.0,3.09,-3.09,2.43,-2.43,];
y: [-.22,-.22,-.15,-.15,-.13,-.13,-.1,-2.62,-2.62,2.93,2.93,];
25.04
Fittest 409
x: [-.01,.01,.02,-.02,.0,-.0,.0,3.09,-3.09,2.43,-2.43,];
y: [-.22,-.22,-.15,-.15,-.13,-.13,-.1,-2.62,-2.62,2.93,2.93,];
25.04
Fittest 410
x: [-.01,.01,.02,-.02,.0,-.0,.0,3.09,-3.09,2.43,-2.43,];
y: [-.22,-.22,-.15,-.15,-.13,-.13,-.1,-2.62,-2.62,2.93,2.93,];
25.04
Fittest 411
x: [-.01,.01,.02,-.02,.0,-.0,.0,3.09,-3.09,2.43,-2.43,];
y: [-.22,-.22,-.15,-.15,-.13,-.13,-.1,-2.62,-2.62,2.93,2.93,];
25.04
Fittest 412
x: [-.01,.01,.02,-.02,.0,-.0,.0,3.09,-3.09,2.43,-2.43,];
y: [-.22,-.22,-.15,-.15,-.13,-.13,-.1,-2.62,-2.62,2.93,2.93,];
25.04
Fittest 413
x: [-.01,.01,.02,-.02,.0,-.0,.0,3.09,-3.09,2.43,-2.43,];
y: [-.22,-.22,-.15,-.15,-.13,-.13,-.08,-2.62,-2.62,2.93,2.93,];
25.04
Fittest 414
x: [-.01,.01,.02,-.02,.0,-.0,.0,3.09,-3.09,2.43,-2.43,];
y: [-.22,-.22,-.15,-.15,-.13,-.13,-.08,-2.62,-2.62,2.93,2.93,];
25.04
Fittest 415
x: [-.01,.01,.02,-.02,.0,-.0,.0,3.09,-3.09,2.43,-2.43,];
y: [-.22,-.22,-.15,-.15,-.13,-.13,-.08,-2.62,-2.62,2.93,2.93,];
25.04
Fittest 416
x: [-.01,.01,.02,-.02,.0,-.0,.0,3.09,-3.09,2.43,-2.43,];
y: [-.22,-.22,-.15,-.15,-.13,-.13,-.08,-2.62,-2.62,2.93,2.93,];
25.04
Fittest 417
x: [-.01,.01,.02,-.02,.0,-.0,.0,3.09,-3.09,2.43,-2.43,];
y: [-.22,-.22,-.15,-.15,-.13,-.13,-.08,-2.62,-2.62,2.93,2.93,];
25.04
Fittest 418
x: [-.01,.01,.02,-.02,.0,-.0,.0,3.09,-3.09,2.43,-2.43,];
y: [-.22,-.22,-.15,-.15,-.13,-.13,-.08,-2.62,-2.62,2.93,2.93,];
25.04
Fittest 419
x: [-.01,.01,.02,-.02,.0,-.0,.0,3.09,-3.09,2.43,-2.43,];
y: [-.22,-.22,-.15,-.15,-.13,-.13,-.08,-2.62,-2.62,2.93,2.93,];
25.04
Fittest 420
x: [-.01,.01,.02,-.02,.0,-.0,.0,3.09,-3.09,2.43,-2.43,];
y: [-.22,-.22,-.15,-.15,-.13,-.13,-.08,-2.62,-2.62,2.93,2.93,];
25.04
Fittest 421
x: [-.01,.01,.02,-.02,.0,-.0,.0,3.09,-3.09,2.43,-2.43,];
y: [-.22,-.22,-.15,-.15,-.13,-.13,-.08,-2.62,-2.62,2.93,2.93,];
25.04
Fittest 422
x: [-.01,.01,.02,-.02,.0,-.0,.0,3.09,-3.09,2.43,-2.43,];
y: [-.22,-.22,-.15,-.15,-.13,-.13,-.08,-2.62,-2.62,2.93,2.93,];
25.04
Fittest 423
x: [-.01,.01,.02,-.02,.0,-.0,.0,3.09,-3.09,2.43,-2.43,];
y: [-.22,-.22,-.15,-.15,-.13,-.13,-.08,-2.62,-2.62,2.93,2.93,];
25.04
Fittest 424
x: [-.01,.01,.02,-.02,.0,-.0,.0,3.09,-3.09,2.43,-2.43,];
y: [-.22,-.22,-.15,-.15,-.13,-.13,-.08,-2.62,-2.62,2.93,2.93,];
25.04
Fittest 425
x: [-.01,.01,.02,-.02,.0,-.0,.0,3.09,-3.09,2.43,-2.43,];
y: [-.22,-.22,-.15,-.15,-.13,-.13,-.08,-2.62,-2.62,2.93,2.93,];
25.04
Fittest 426
x: [-.01,.01,.02,-.02,.0,-.0,.0,3.09,-3.09,2.43,-2.43,];
y: [-.22,-.22,-.15,-.15,-.13,-.13,-.08,-2.62,-2.62,2.93,2.93,];
25.04
Fittest 427
x: [-.01,.01,.02,-.02,.0,-.0,.0,3.09,-3.09,2.43,-2.43,];
y: [-.22,-.22,-.15,-.15,-.13,-.13,-.08,-2.62,-2.62,2.93,2.93,];
25.04
Fittest 428
x: [-.01,.01,.02,-.02,.0,-.0,.0,3.09,-3.09,2.43,-2.43,];
y: [-.22,-.22,-.15,-.15,-.13,-.13,-.08,-2.62,-2.62,2.93,2.93,];
25.04
Fittest 429
x: [-.01,.01,.02,-.02,.0,-.0,.0,3.09,-3.09,2.43,-2.43,];
y: [-.22,-.22,-.15,-.15,-.13,-.13,-.08,-2.62,-2.62,2.93,2.93,];
25.04
Fittest 430
x: [-.01,.01,.02,-.02,.0,-.0,.0,3.09,-3.09,2.43,-2.43,];
y: [-.22,-.22,-.15,-.15,-.13,-.13,-.08,-2.62,-2.62,2.93,2.93,];
25.04
Fittest 431
x: [-.01,.01,.02,-.02,.0,-.0,.0,3.09,-3.09,2.43,-2.43,];
y: [-.22,-.22,-.15,-.15,-.13,-.13,-.08,-2.62,-2.62,2.93,2.93,];
25.04
Fittest 432
x: [-.01,.01,.02,-.02,.0,-.0,.0,3.09,-3.09,2.43,-2.43,];
y: [-.22,-.22,-.15,-.15,-.13,-.13,-.08,-2.62,-2.62,2.93,2.93,];
25.04
Fittest 433
x: [-.01,.01,.02,-.02,.0,-.0,.0,3.09,-3.09,2.43,-2.43,];
y: [-.22,-.22,-.15,-.15,-.13,-.13,-.08,-2.62,-2.62,2.93,2.93,];
25.04
Fittest 434
x: [-.01,.01,.02,-.02,.0,-.0,.0,3.09,-3.09,2.43,-2.43,];
y: [-.22,-.22,-.15,-.15,-.13,-.13,-.08,-2.62,-2.62,2.93,2.93,];
25.04
Fittest 435
x: [-.01,.01,.02,-.02,.0,-.0,.0,3.09,-3.09,2.43,-2.43,];
y: [-.22,-.22,-.15,-.15,-.13,-.13,-.08,-2.62,-2.62,2.93,2.93,];
25.04
Fittest 436
x: [-.01,.01,.02,-.02,.0,-.0,.0,3.09,-3.09,2.43,-2.43,];
y: [-.22,-.22,-.15,-.15,-.13,-.13,-.08,-2.62,-2.62,2.93,2.93,];
25.04
Fittest 437
x: [-.01,.01,.02,-.02,.0,-.0,.0,3.09,-3.09,2.43,-2.43,];
y: [-.22,-.22,-.15,-.15,-.13,-.13,-.08,-2.62,-2.62,2.93,2.93,];
25.04
Fittest 438
x: [-.01,.01,.02,-.02,.0,-.0,.0,3.09,-3.09,2.43,-2.43,];
y: [-.22,-.22,-.15,-.15,-.13,-.13,-.08,-2.62,-2.62,2.93,2.93,];
25.04
Fittest 439
x: [-.01,.01,.02,-.02,.0,-.0,.0,3.09,-3.09,2.43,-2.43,];
y: [-.22,-.22,-.15,-.15,-.13,-.13,-.08,-2.62,-2.62,2.93,2.93,];
25.04
Fittest 440
x: [-.01,.01,.02,-.02,.0,-.0,.0,3.09,-3.09,2.43,-2.43,];
y: [-.22,-.22,-.15,-.15,-.13,-.13,-.08,-2.62,-2.62,2.93,2.93,];
25.04
Fittest 441
x: [-.01,.01,.02,-.02,.0,-.0,.0,3.09,-3.09,2.43,-2.43,];
y: [-.22,-.22,-.15,-.15,-.13,-.13,-.08,-2.62,-2.62,2.93,2.93,];
25.04
Fittest 442
x: [-.01,.01,.02,-.02,.0,-.0,.0,3.09,-3.09,2.43,-2.43,];
y: [-.22,-.22,-.15,-.15,-.13,-.13,-.08,-2.62,-2.62,2.93,2.93,];
25.04
Fittest 443
x: [-.01,.01,.02,-.02,.0,-.0,.0,3.09,-3.09,2.43,-2.43,];
y: [-.22,-.22,-.15,-.15,-.13,-.13,-.08,-2.62,-2.62,2.93,2.93,];
25.04
Fittest 444
x: [-.01,.01,.02,-.02,.0,-.0,.0,3.09,-3.09,2.43,-2.43,];
y: [-.22,-.22,-.15,-.15,-.13,-.13,-.08,-2.62,-2.62,2.93,2.93,];
25.04
Fittest 445
x: [-.01,.01,.02,-.02,.0,-.0,.0,3.09,-3.09,2.43,-2.43,];
y: [-.22,-.22,-.15,-.15,-.13,-.13,-.08,-2.62,-2.62,2.93,2.93,];
25.04
Fittest 446
x: [-.01,.01,.02,-.02,.0,-.0,.0,3.09,-3.09,2.43,-2.43,];
y: [-.22,-.22,-.15,-.15,-.13,-.13,-.08,-2.62,-2.62,2.93,2.93,];
25.04
Fittest 447
x: [-.01,.01,.02,-.02,.0,-.0,.0,3.09,-3.09,2.43,-2.43,];
y: [-.22,-.22,-.15,-.15,-.13,-.13,-.08,-2.62,-2.62,2.93,2.93,];
25.04
Fittest 448
x: [-.01,.01,.02,-.02,.0,-.0,.0,3.09,-3.09,2.43,-2.43,];
y: [-.22,-.22,-.15,-.15,-.13,-.13,-.08,-2.62,-2.62,2.93,2.93,];
25.04
Fittest 449
x: [-.01,.01,.02,-.02,.0,-.0,.0,3.09,-3.09,2.43,-2.43,];
y: [-.22,-.22,-.15,-.15,-.13,-.13,-.08,-2.62,-2.62,2.93,2.93,];
25.04
Fittest 450
x: [-.01,.01,.02,-.02,.0,-.0,.0,3.09,-3.09,2.43,-2.43,];
y: [-.22,-.22,-.15,-.15,-.13,-.13,-.08,-2.62,-2.62,2.93,2.93,];
25.04
Fittest 451
x: [-.01,.01,.02,-.02,.0,-.0,.0,3.09,-3.09,2.43,-2.43,];
y: [-.22,-.22,-.15,-.15,-.13,-.13,-.08,-2.62,-2.62,2.93,2.93,];
25.04
Fittest 452
x: [-.01,.01,.02,-.02,.0,-.0,.0,3.09,-3.09,2.43,-2.43,];
y: [-.22,-.22,-.15,-.15,-.13,-.13,-.08,-2.62,-2.62,2.93,2.93,];
25.04
Fittest 453
x: [-.01,.01,.02,-.02,.0,-.0,.0,3.09,-3.09,2.43,-2.43,];
y: [-.22,-.22,-.15,-.15,-.13,-.13,-.08,-2.62,-2.62,2.93,2.93,];
25.04
Fittest 454
x: [-.01,.01,.02,-.02,.0,-.0,.0,3.09,-3.09,2.43,-2.43,];
y: [-.22,-.22,-.15,-.15,-.13,-.13,-.08,-2.62,-2.62,2.93,2.93,];
25.04
Fittest 455
x: [-.01,.01,.02,-.02,.0,-.0,.0,3.09,-3.09,2.45,-2.45,];
y: [-.22,-.22,-.15,-.15,-.13,-.13,-.08,-2.62,-2.62,2.91,2.91,];
25.04
Fittest 456
x: [-.01,.01,.02,-.02,.0,-.0,.0,3.09,-3.09,2.45,-2.45,];
y: [-.22,-.22,-.15,-.15,-.13,-.13,-.08,-2.62,-2.62,2.91,2.91,];
25.04
Fittest 457
x: [-.01,.01,.02,-.02,.0,-.0,.0,3.09,-3.09,2.45,-2.45,];
y: [-.22,-.22,-.15,-.15,-.13,-.13,-.08,-2.62,-2.62,2.91,2.91,];
25.04
Fittest 458
x: [-.01,.01,.02,-.02,.0,-.0,.0,3.09,-3.09,2.45,-2.45,];
y: [-.22,-.22,-.15,-.15,-.13,-.13,-.08,-2.62,-2.62,2.91,2.91,];
25.04
Fittest 459
x: [-.01,.01,.02,-.02,.0,-.0,.0,3.09,-3.09,2.45,-2.45,];
y: [-.22,-.22,-.15,-.15,-.13,-.13,-.08,-2.62,-2.62,2.91,2.91,];
25.04
Fittest 460
x: [-.01,.01,.02,-.02,.0,-.0,.0,3.09,-3.09,2.45,-2.45,];
y: [-.22,-.22,-.15,-.15,-.13,-.13,-.08,-2.62,-2.62,2.91,2.91,];
25.04
Fittest 461
x: [-.01,.01,.02,-.02,.0,-.0,.0,3.09,-3.09,2.45,-2.45,];
y: [-.22,-.22,-.15,-.15,-.13,-.13,-.08,-2.62,-2.62,2.91,2.91,];
25.04
Fittest 462
x: [-.01,.01,.02,-.02,.0,-.0,.0,3.09,-3.09,2.45,-2.45,];
y: [-.22,-.22,-.15,-.15,-.13,-.13,-.08,-2.62,-2.62,2.91,2.91,];
25.04
Fittest 463
x: [-.01,.01,.02,-.02,.0,-.0,.0,3.09,-3.09,2.45,-2.45,];
y: [-.22,-.22,-.15,-.15,-.13,-.13,-.08,-2.62,-2.62,2.91,2.91,];
25.04
Fittest 464
x: [-.01,.01,.02,-.02,.0,-.0,.0,3.09,-3.09,2.45,-2.45,];
y: [-.22,-.22,-.15,-.15,-.13,-.13,-.08,-2.62,-2.62,2.91,2.91,];
25.04
Fittest 465
x: [-.01,.01,.02,-.02,.0,-.0,.0,3.09,-3.09,2.45,-2.45,];
y: [-.22,-.22,-.15,-.15,-.13,-.13,-.08,-2.62,-2.62,2.91,2.91,];
25.04
