Fittest 0
x: [.83,-.83,1.07,-1.07,.47,-.47,.0,2.94,-2.94,2.36,-2.36,];
y: [.64,.64,-1.72,-1.72,-1.87,-1.87,.0,.75,.75,-1.67,-1.67,];
21.47
Fittest 1
x: [1.05,-1.05,3.1,-3.1,.13,-.13,.0,.64,-.64,2.82,-2.82,];
y: [-.4,-.4,-.12,-.12,-1.83,-1.83,.0,1.68,1.68,.26,.26,];
21.4
Fittest 2
x: [1.05,-1.05,3.1,-3.1,.13,-.13,.0,.64,-.64,2.82,-2.82,];
y: [-.4,-.4,-.12,-.12,-1.83,-1.83,.0,1.68,1.68,.26,.26,];
21.4
Fittest 3
x: [1.05,-1.05,3.1,-3.1,.13,-.13,.0,.64,-.64,2.82,-2.82,];
y: [-.4,-.4,-.12,-.12,-1.83,-1.83,.0,1.68,1.68,.26,.26,];
21.4
Fittest 4
x: [3.77,-3.77,.47,-.47,1.35,-1.35,.0,.15,-.15,3.39,-3.39,];
y: [-1.77,-1.77,1.22,1.22,.7,.7,.0,-1.45,-1.45,1.95,1.95,];
21.32
Fittest 5
x: [2.76,-2.76,1.7,-1.7,1.55,-1.55,.0,1.0,-1.0,.73,-.73,];
y: [-1.47,-1.47,-1.38,-1.38,2.26,2.26,.0,-.81,-.81,.18,.18,];
21.29
Fittest 6
x: [2.76,-2.76,1.7,-1.7,1.55,-1.55,.0,1.0,-1.0,.73,-.73,];
y: [-1.47,-1.47,-1.38,-1.38,2.26,2.26,.0,-.81,-.81,.18,.18,];
21.29
Fittest 7
x: [2.93,-2.93,.42,-.42,.52,-.52,-1.33,.37,-.37,2.21,-2.21,];
y: [-.93,-.93,1.83,1.83,.04,.04,.39,-1.76,-1.76,-.01,-.01,];
21.27
Fittest 8
x: [1.05,-1.05,3.1,-3.1,.13,-.13,.0,.38,-.38,2.82,-2.82,];
y: [-.4,-.4,-.12,-.12,-1.83,-1.83,.0,1.75,1.75,.26,.26,];
21.09
Fittest 9
x: [1.05,-1.05,3.1,-3.1,.13,-.13,.23,.38,-.38,2.82,-2.82,];
y: [-.4,-.4,-.12,-.12,-1.83,-1.83,-.38,1.75,1.75,.26,.26,];
21.05
Fittest 10
x: [1.05,-1.05,3.1,-3.1,.13,-.13,.23,.38,-.38,2.82,-2.82,];
y: [-.4,-.4,-.12,-.12,-1.83,-1.83,-.38,1.75,1.75,.26,.26,];
21.05
Fittest 11
x: [1.05,-1.05,3.1,-3.1,.13,-.13,.23,.38,-.38,2.82,-2.82,];
y: [-.4,-.4,-.12,-.12,-1.83,-1.83,-.38,1.75,1.75,.26,.26,];
21.05
Fittest 12
x: [1.05,-1.05,3.1,-3.1,.13,-.13,.23,.38,-.38,2.82,-2.82,];
y: [-.4,-.4,-.12,-.12,-1.83,-1.83,-.38,1.75,1.75,.26,.26,];
21.05
Fittest 13
x: [1.05,-1.05,3.1,-3.1,.13,-.13,.23,.38,-.38,2.82,-2.82,];
y: [-.4,-.4,-.12,-.12,-1.83,-1.83,-.38,1.75,1.75,.26,.26,];
21.05
Fittest 14
x: [2.76,-2.76,1.51,-1.51,1.55,-1.55,.25,1.0,-1.0,.73,-.73,];
y: [-1.47,-1.47,-2.46,-2.46,2.26,2.26,1.61,-.81,-.81,.18,.18,];
21.03
Fittest 15
x: [2.76,-2.76,1.51,-1.51,1.55,-1.55,.25,1.0,-1.0,.73,-.73,];
y: [-1.47,-1.47,-2.46,-2.46,2.26,2.26,1.61,-.81,-.81,.18,.18,];
21.03
Fittest 16
x: [2.76,-2.76,1.87,-1.87,1.55,-1.55,.25,1.0,-1.0,.73,-.73,];
y: [-1.47,-1.47,-2.15,-2.15,2.26,2.26,1.61,-.81,-.81,.18,.18,];
21.01
Fittest 17
x: [2.76,-2.76,1.61,-1.61,1.55,-1.55,-2.2,1.0,-1.0,.73,-.73,];
y: [-1.47,-1.47,-2.95,-2.95,2.26,2.26,2.43,-.81,-.81,.18,.18,];
21.0
Fittest 18
x: [2.76,-2.76,1.61,-1.61,1.55,-1.55,-2.2,1.0,-1.0,.73,-.73,];
y: [-1.47,-1.47,-2.95,-2.95,2.26,2.26,2.43,-.81,-.81,.18,.18,];
21.0
Fittest 19
x: [1.86,-1.86,1.61,-1.61,1.55,-1.55,-2.2,1.0,-1.0,.73,-.73,];
y: [-2.81,-2.81,-2.95,-2.95,2.26,2.26,2.43,-.81,-.81,.18,.18,];
20.81
Fittest 20
x: [1.86,-1.86,1.61,-1.61,1.55,-1.55,-2.2,1.0,-1.0,.73,-.73,];
y: [-2.81,-2.81,-2.95,-2.95,2.26,2.26,2.43,-.81,-.81,.18,.18,];
20.81
Fittest 21
x: [1.86,-1.86,1.61,-1.61,1.55,-1.55,-2.2,1.0,-1.0,.73,-.73,];
y: [-2.81,-2.81,-2.95,-2.95,2.26,2.26,2.43,-.81,-.81,.18,.18,];
20.81
Fittest 22
x: [1.86,-1.86,1.61,-1.61,1.55,-1.55,-2.2,1.0,-1.0,.73,-.73,];
y: [-2.81,-2.81,-2.95,-2.95,2.26,2.26,2.43,-.81,-.81,.18,.18,];
20.81
Fittest 23
x: [1.86,-1.86,1.61,-1.61,1.55,-1.55,-2.2,1.0,-1.0,.73,-.73,];
y: [-2.81,-2.81,-2.95,-2.95,2.26,2.26,2.43,-.81,-.81,.18,.18,];
20.81
Fittest 24
x: [2.04,-2.04,2.22,-2.22,1.55,-1.55,-1.07,1.27,-1.27,.73,-.73,];
y: [-2.02,-2.02,-2.15,-2.15,2.26,2.26,1.05,-.46,-.46,.18,.18,];
20.75
Fittest 25
x: [1.86,-1.86,1.61,-1.61,1.55,-1.55,-2.2,.97,-.97,.73,-.73,];
y: [-2.81,-2.81,-2.95,-2.95,2.26,2.26,2.43,-.7,-.7,.18,.18,];
20.71
Fittest 26
x: [1.86,-1.86,1.61,-1.61,1.55,-1.55,-.42,1.0,-1.0,.73,-.73,];
y: [-2.81,-2.81,-2.95,-2.95,2.26,2.26,1.9,-.81,-.81,.18,.18,];
20.7
Fittest 27
x: [1.86,-1.86,1.61,-1.61,1.55,-1.55,-.42,1.0,-1.0,.73,-.73,];
y: [-2.81,-2.81,-2.95,-2.95,2.26,2.26,1.9,-.81,-.81,.18,.18,];
20.7
Fittest 28
x: [1.86,-1.86,1.61,-1.61,1.55,-1.55,-.42,1.0,-1.0,.73,-.73,];
y: [-2.81,-2.81,-2.95,-2.95,2.26,2.26,1.9,-.81,-.81,.18,.18,];
20.7
Fittest 29
x: [1.86,-1.86,1.61,-1.61,1.55,-1.55,-.42,1.0,-1.0,.73,-.73,];
y: [-2.81,-2.81,-2.95,-2.95,2.26,2.26,1.9,-.81,-.81,.18,.18,];
20.7
Fittest 30
x: [1.86,-1.86,1.61,-1.61,1.55,-1.55,-1.53,.97,-.97,.73,-.73,];
y: [-2.81,-2.81,-2.95,-2.95,2.26,2.26,2.2,-.7,-.7,.18,.18,];
20.57
Fittest 31
x: [1.86,-1.86,1.61,-1.61,1.55,-1.55,-1.53,.97,-.97,.73,-.73,];
y: [-2.81,-2.81,-2.95,-2.95,2.26,2.26,2.2,-.7,-.7,.18,.18,];
20.57
Fittest 32
x: [1.86,-1.86,1.61,-1.61,1.55,-1.55,-1.53,.97,-.97,.73,-.73,];
y: [-2.81,-2.81,-2.95,-2.95,2.26,2.26,2.2,-.7,-.7,.18,.18,];
20.57
Fittest 33
x: [1.86,-1.86,1.61,-1.61,1.55,-1.55,-1.53,.97,-.97,.73,-.73,];
y: [-2.81,-2.81,-2.95,-2.95,2.26,2.26,2.2,-.7,-.7,.18,.18,];
20.57
Fittest 34
x: [1.86,-1.86,1.61,-1.61,1.55,-1.55,-1.53,.97,-.97,.73,-.73,];
y: [-2.81,-2.81,-2.95,-2.95,2.26,2.26,2.2,-.7,-.7,.18,.18,];
20.57
Fittest 35
x: [1.86,-1.86,1.61,-1.61,1.55,-1.55,-1.53,1.36,-1.36,.73,-.73,];
y: [-2.81,-2.81,-2.95,-2.95,2.26,2.26,2.2,-.45,-.45,.18,.18,];
20.47
Fittest 36
x: [1.86,-1.86,1.61,-1.61,1.55,-1.55,-1.53,1.36,-1.36,.73,-.73,];
y: [-2.81,-2.81,-2.95,-2.95,2.26,2.26,2.2,-.45,-.45,.18,.18,];
20.47
Fittest 37
x: [1.86,-1.86,1.61,-1.61,1.55,-1.55,-1.53,1.36,-1.36,.73,-.73,];
y: [-2.81,-2.81,-2.95,-2.95,2.26,2.26,2.2,-.45,-.45,.18,.18,];
20.47
Fittest 38
x: [1.86,-1.86,1.61,-1.61,1.55,-1.55,-1.53,1.36,-1.36,.73,-.73,];
y: [-2.81,-2.81,-2.95,-2.95,2.26,2.26,2.2,-.45,-.45,.18,.18,];
20.47
Fittest 39
x: [1.86,-1.86,1.61,-1.61,1.55,-1.55,-1.53,1.36,-1.36,.73,-.73,];
y: [-2.81,-2.81,-2.95,-2.95,2.26,2.26,2.2,-.45,-.45,.18,.18,];
20.47
Fittest 40
x: [1.86,-1.86,1.61,-1.61,1.55,-1.55,-1.53,1.36,-1.36,.73,-.73,];
y: [-2.81,-2.81,-2.95,-2.95,2.26,2.26,2.2,-.45,-.45,.18,.18,];
20.47
Fittest 41
x: [1.86,-1.86,1.61,-1.61,1.55,-1.55,-1.53,1.36,-1.36,.73,-.73,];
y: [-2.81,-2.81,-2.95,-2.95,2.26,2.26,2.2,-.45,-.45,.18,.18,];
20.47
Fittest 42
x: [1.86,-1.86,1.61,-1.61,1.55,-1.55,-1.53,1.1,-1.1,.73,-.73,];
y: [-2.81,-2.81,-2.95,-2.95,2.26,2.26,2.2,-.45,-.45,.18,.18,];
20.4
Fittest 43
x: [1.86,-1.86,1.61,-1.61,1.55,-1.55,-1.53,1.1,-1.1,.73,-.73,];
y: [-2.81,-2.81,-2.95,-2.95,2.26,2.26,2.2,-.45,-.45,.18,.18,];
20.4
Fittest 44
x: [1.86,-1.86,1.61,-1.61,1.55,-1.55,-1.53,1.1,-1.1,.73,-.73,];
y: [-2.81,-2.81,-2.95,-2.95,2.26,2.26,2.2,-.45,-.45,.18,.18,];
20.4
Fittest 45
x: [1.86,-1.86,1.61,-1.61,1.55,-1.55,-1.53,1.1,-1.1,.73,-.73,];
y: [-2.81,-2.81,-2.95,-2.95,2.26,2.26,2.2,-.45,-.45,.18,.18,];
20.4
Fittest 46
x: [1.86,-1.86,1.61,-1.61,1.55,-1.55,-1.53,1.1,-1.1,.73,-.73,];
y: [-2.81,-2.81,-2.95,-2.95,2.26,2.26,2.2,-.45,-.45,.18,.18,];
20.4
Fittest 47
x: [1.86,-1.86,1.61,-1.61,1.55,-1.55,-1.53,1.1,-1.1,.73,-.73,];
y: [-2.81,-2.81,-2.95,-2.95,2.26,2.26,2.2,-.45,-.45,.18,.18,];
20.4
Fittest 48
x: [1.86,-1.86,1.61,-1.61,1.55,-1.55,-1.53,1.1,-1.1,.73,-.73,];
y: [-2.81,-2.81,-2.95,-2.95,2.26,2.26,2.2,-.45,-.45,.18,.18,];
20.4
Fittest 49
x: [1.86,-1.86,1.61,-1.61,1.55,-1.55,-1.53,1.1,-1.1,.73,-.73,];
y: [-2.81,-2.81,-2.95,-2.95,2.26,2.26,2.2,-.45,-.45,.18,.18,];
20.4
Fittest 50
x: [1.86,-1.86,1.61,-1.61,1.55,-1.55,-1.53,1.1,-1.1,.73,-.73,];
y: [-2.81,-2.81,-2.95,-2.95,2.26,2.26,2.2,-.45,-.45,.18,.18,];
20.4
Fittest 51
x: [1.86,-1.86,1.61,-1.61,1.55,-1.55,-1.6,1.1,-1.1,.73,-.73,];
y: [-2.81,-2.81,-2.95,-2.95,2.26,2.26,2.21,-.45,-.45,.18,.18,];
20.4
Fittest 52
x: [1.86,-1.86,1.61,-1.61,1.54,-1.54,-1.53,1.1,-1.1,.73,-.73,];
y: [-2.81,-2.81,-2.95,-2.95,2.53,2.53,2.2,-.45,-.45,.18,.18,];
20.24
Fittest 53
x: [1.86,-1.86,1.61,-1.61,1.54,-1.54,-1.53,1.1,-1.1,.73,-.73,];
y: [-2.81,-2.81,-2.95,-2.95,2.53,2.53,2.2,-.45,-.45,.18,.18,];
20.24
Fittest 54
x: [1.86,-1.86,1.61,-1.61,1.54,-1.54,-1.53,1.1,-1.1,.73,-.73,];
y: [-2.81,-2.81,-2.95,-2.95,2.53,2.53,2.2,-.45,-.45,.18,.18,];
20.24
Fittest 55
x: [1.86,-1.86,1.61,-1.61,1.54,-1.54,-1.53,1.1,-1.1,.73,-.73,];
y: [-2.81,-2.81,-2.95,-2.95,2.53,2.53,2.2,-.45,-.45,.18,.18,];
20.24
Fittest 56
x: [1.86,-1.86,1.61,-1.61,1.54,-1.54,-1.53,1.1,-1.1,.73,-.73,];
y: [-2.81,-2.81,-2.95,-2.95,2.53,2.53,2.2,-.45,-.45,.18,.18,];
20.24
Fittest 57
x: [1.86,-1.86,1.61,-1.61,1.54,-1.54,-1.53,1.1,-1.1,.73,-.73,];
y: [-2.81,-2.81,-2.95,-2.95,2.53,2.53,2.2,-.45,-.45,.18,.18,];
20.24
Fittest 58
x: [1.86,-1.86,1.61,-1.61,1.54,-1.54,-1.53,1.1,-1.1,.73,-.73,];
y: [-2.81,-2.81,-2.95,-2.95,2.53,2.53,2.2,-.45,-.45,.18,.18,];
20.24
Fittest 59
x: [1.86,-1.86,1.61,-1.61,1.54,-1.54,-1.53,1.1,-1.1,.73,-.73,];
y: [-2.81,-2.81,-2.95,-2.95,2.53,2.53,2.2,-.45,-.45,.18,.18,];
20.24
Fittest 60
x: [1.86,-1.86,1.61,-1.61,1.54,-1.54,-1.53,1.1,-1.1,.73,-.73,];
y: [-2.81,-2.81,-2.95,-2.95,2.53,2.53,2.2,-.45,-.45,.18,.18,];
20.24
Fittest 61
x: [1.86,-1.86,1.61,-1.61,1.54,-1.54,-1.53,1.1,-1.1,.73,-.73,];
y: [-2.81,-2.81,-2.95,-2.95,2.53,2.53,2.2,-.45,-.45,.18,.18,];
20.24
Fittest 62
x: [1.86,-1.86,1.61,-1.61,1.54,-1.54,-1.53,1.1,-1.1,.73,-.73,];
y: [-2.81,-2.81,-2.95,-2.95,2.53,2.53,2.2,-.45,-.45,.18,.18,];
20.24
Fittest 63
x: [1.86,-1.86,1.61,-1.61,1.54,-1.54,-1.55,1.1,-1.1,.73,-.73,];
y: [-2.81,-2.81,-2.95,-2.95,2.53,2.53,2.54,-.45,-.45,.18,.18,];
20.18
Fittest 64
x: [1.86,-1.86,1.61,-1.61,1.54,-1.54,-1.55,1.1,-1.1,.73,-.73,];
y: [-2.81,-2.81,-2.95,-2.95,2.53,2.53,2.54,-.45,-.45,.18,.18,];
20.18
Fittest 65
x: [1.86,-1.86,1.61,-1.61,1.54,-1.54,-1.55,1.1,-1.1,.73,-.73,];
y: [-2.81,-2.81,-2.95,-2.95,2.53,2.53,2.54,-.45,-.45,.18,.18,];
20.18
Fittest 66
x: [1.86,-1.86,1.61,-1.61,1.54,-1.54,-1.55,1.1,-1.1,.73,-.73,];
y: [-2.81,-2.81,-2.95,-2.95,2.53,2.53,2.54,-.45,-.45,.18,.18,];
20.18
Fittest 67
x: [1.86,-1.86,1.61,-1.61,1.54,-1.54,-1.55,1.1,-1.1,.73,-.73,];
y: [-2.81,-2.81,-2.95,-2.95,2.53,2.53,2.54,-.45,-.45,.18,.18,];
20.18
Fittest 68
x: [1.86,-1.86,1.61,-1.61,1.54,-1.54,-1.55,1.1,-1.1,.73,-.73,];
y: [-2.81,-2.81,-2.95,-2.95,2.53,2.53,2.54,-.45,-.45,.18,.18,];
20.18
Fittest 69
x: [1.86,-1.86,1.74,-1.74,1.54,-1.54,-1.55,1.1,-1.1,.73,-.73,];
y: [-2.81,-2.81,-2.95,-2.95,2.53,2.53,2.54,-.45,-.45,.18,.18,];
20.15
Fittest 70
x: [1.86,-1.86,1.74,-1.74,1.54,-1.54,-1.55,1.1,-1.1,.73,-.73,];
y: [-2.81,-2.81,-2.95,-2.95,2.53,2.53,2.54,-.45,-.45,.18,.18,];
20.15
Fittest 71
x: [1.86,-1.86,1.74,-1.74,1.54,-1.54,-1.55,1.1,-1.1,.73,-.73,];
y: [-2.81,-2.81,-2.95,-2.95,2.53,2.53,2.54,-.45,-.45,.18,.18,];
20.15
Fittest 72
x: [1.86,-1.86,1.74,-1.74,1.54,-1.54,-1.55,1.1,-1.1,.73,-.73,];
y: [-2.81,-2.81,-2.95,-2.95,2.53,2.53,2.54,-.45,-.45,.18,.18,];
20.15
Fittest 73
x: [1.86,-1.86,1.74,-1.74,1.54,-1.54,-1.55,1.1,-1.1,.73,-.73,];
y: [-2.81,-2.81,-2.95,-2.95,2.53,2.53,2.54,-.45,-.45,.18,.18,];
20.15
Fittest 74
x: [1.86,-1.86,1.74,-1.74,1.54,-1.54,-1.55,1.1,-1.1,.73,-.73,];
y: [-2.81,-2.81,-2.95,-2.95,2.53,2.53,2.54,-.45,-.45,.18,.18,];
20.15
Fittest 75
x: [1.86,-1.86,1.61,-1.61,1.54,-1.54,-1.55,1.04,-1.04,.73,-.73,];
y: [-2.81,-2.81,-2.95,-2.95,2.53,2.53,2.54,-.38,-.38,.18,.18,];
20.13
Fittest 76
x: [1.86,-1.86,1.61,-1.61,1.54,-1.54,-1.55,1.04,-1.04,.73,-.73,];
y: [-2.81,-2.81,-2.95,-2.95,2.53,2.53,2.54,-.38,-.38,.18,.18,];
20.13
Fittest 77
x: [1.86,-1.86,1.61,-1.61,1.54,-1.54,-1.55,1.04,-1.04,.73,-.73,];
y: [-2.81,-2.81,-2.95,-2.95,2.53,2.53,2.54,-.38,-.38,.18,.18,];
20.13
Fittest 78
x: [1.86,-1.86,1.61,-1.61,1.54,-1.54,-1.55,1.04,-1.04,.73,-.73,];
y: [-2.81,-2.81,-2.95,-2.95,2.53,2.53,2.54,-.38,-.38,.18,.18,];
20.13
Fittest 79
x: [1.86,-1.86,1.61,-1.61,1.54,-1.54,-1.55,1.04,-1.04,.73,-.73,];
y: [-2.81,-2.81,-2.95,-2.95,2.53,2.53,2.54,-.38,-.38,.18,.18,];
20.13
Fittest 80
x: [1.86,-1.86,1.61,-1.61,1.54,-1.54,-1.55,1.04,-1.04,.73,-.73,];
y: [-2.81,-2.81,-2.95,-2.95,2.53,2.53,2.54,-.38,-.38,.18,.18,];
20.13
Fittest 81
x: [1.86,-1.86,1.61,-1.61,1.54,-1.54,-2.95,1.04,-1.04,.73,-.73,];
y: [-2.81,-2.81,-2.95,-2.95,2.53,2.53,2.86,-.38,-.38,.18,.18,];
20.1
Fittest 82
x: [1.86,-1.86,1.61,-1.61,1.54,-1.54,-2.95,1.04,-1.04,.73,-.73,];
y: [-2.81,-2.81,-2.95,-2.95,2.53,2.53,2.86,-.38,-.38,.18,.18,];
20.1
Fittest 83
x: [1.86,-1.86,1.61,-1.61,1.54,-1.54,-2.95,1.04,-1.04,.73,-.73,];
y: [-2.81,-2.81,-2.95,-2.95,2.53,2.53,2.86,-.38,-.38,.18,.18,];
20.1
Fittest 84
x: [1.86,-1.86,1.61,-1.61,1.54,-1.54,-2.95,1.04,-1.04,.73,-.73,];
y: [-2.81,-2.81,-2.95,-2.95,2.53,2.53,2.86,-.38,-.38,.18,.18,];
20.1
Fittest 85
x: [1.86,-1.86,1.61,-1.61,1.54,-1.54,-3.4,1.04,-1.04,.73,-.73,];
y: [-2.81,-2.81,-2.95,-2.95,2.53,2.53,2.8,-.38,-.38,.18,.18,];
20.09
Fittest 86
x: [1.86,-1.86,1.61,-1.61,1.54,-1.54,-3.4,1.04,-1.04,.73,-.73,];
y: [-2.81,-2.81,-2.95,-2.95,2.53,2.53,2.8,-.38,-.38,.18,.18,];
20.09
Fittest 87
x: [1.86,-1.86,1.61,-1.61,1.54,-1.54,-3.4,1.04,-1.04,.73,-.73,];
y: [-2.81,-2.81,-2.95,-2.95,2.53,2.53,2.8,-.38,-.38,.18,.18,];
20.09
Fittest 88
x: [1.86,-1.86,1.61,-1.61,1.54,-1.54,-2.89,1.04,-1.04,.73,-.73,];
y: [-2.81,-2.81,-2.95,-2.95,2.53,2.53,3.04,-.38,-.38,.18,.18,];
20.07
Fittest 89
x: [1.86,-1.86,1.61,-1.61,1.54,-1.54,-3.14,1.04,-1.04,.73,-.73,];
y: [-2.81,-2.81,-2.95,-2.95,2.53,2.53,2.99,-.38,-.38,.18,.18,];
20.05
Fittest 90
x: [1.86,-1.86,1.61,-1.61,1.54,-1.54,-3.14,1.04,-1.04,.73,-.73,];
y: [-2.81,-2.81,-2.95,-2.95,2.53,2.53,2.99,-.38,-.38,.18,.18,];
20.05
Fittest 91
x: [1.86,-1.86,1.61,-1.61,1.54,-1.54,-3.14,1.04,-1.04,.73,-.73,];
y: [-2.81,-2.81,-2.95,-2.95,2.53,2.53,2.99,-.38,-.38,.18,.18,];
20.05
Fittest 92
x: [1.86,-1.86,1.61,-1.61,1.54,-1.54,-3.14,1.04,-1.04,.73,-.73,];
y: [-2.81,-2.81,-2.95,-2.95,2.53,2.53,2.99,-.38,-.38,.18,.18,];
20.05
Fittest 93
x: [1.86,-1.86,1.61,-1.61,1.54,-1.54,-3.14,1.04,-1.04,.73,-.73,];
y: [-2.81,-2.81,-2.95,-2.95,2.53,2.53,2.99,-.38,-.38,.18,.18,];
20.05
Fittest 94
x: [1.86,-1.86,1.61,-1.61,1.43,-1.43,-1.55,1.04,-1.04,.73,-.73,];
y: [-2.81,-2.81,-2.95,-2.95,2.71,2.71,2.54,-.38,-.38,.18,.18,];
20.0
Fittest 95
x: [1.86,-1.86,1.61,-1.61,1.43,-1.43,-1.55,1.04,-1.04,.73,-.73,];
y: [-2.81,-2.81,-2.95,-2.95,2.71,2.71,2.54,-.38,-.38,.18,.18,];
20.0
Fittest 96
x: [1.86,-1.86,1.61,-1.61,1.43,-1.43,-1.55,1.04,-1.04,.73,-.73,];
y: [-2.81,-2.81,-2.95,-2.95,2.71,2.71,2.54,-.38,-.38,.18,.18,];
20.0
Fittest 97
x: [1.86,-1.86,1.61,-1.61,1.43,-1.43,-1.55,1.04,-1.04,.73,-.73,];
y: [-2.81,-2.81,-2.95,-2.95,2.71,2.71,2.54,-.38,-.38,.18,.18,];
20.0
Fittest 98
x: [1.86,-1.86,1.61,-1.61,1.43,-1.43,-1.55,1.04,-1.04,.73,-.73,];
y: [-2.81,-2.81,-2.95,-2.95,2.71,2.71,2.54,-.38,-.38,.18,.18,];
20.0
Fittest 99
x: [1.86,-1.86,1.61,-1.61,1.43,-1.43,-1.55,1.04,-1.04,.73,-.73,];
y: [-2.81,-2.81,-2.95,-2.95,2.71,2.71,2.54,-.38,-.38,.18,.18,];
20.0
Fittest 100
x: [1.86,-1.86,1.61,-1.61,1.43,-1.43,-2.24,1.04,-1.04,.73,-.73,];
y: [-2.81,-2.81,-2.95,-2.95,2.71,2.71,2.8,-.38,-.38,.18,.18,];
19.98
Fittest 101
x: [1.86,-1.86,1.61,-1.61,1.43,-1.43,-2.24,1.04,-1.04,.73,-.73,];
y: [-2.81,-2.81,-2.95,-2.95,2.71,2.71,2.8,-.38,-.38,.18,.18,];
19.98
Fittest 102
x: [1.86,-1.86,1.61,-1.61,1.43,-1.43,-2.24,1.04,-1.04,.73,-.73,];
y: [-2.81,-2.81,-2.95,-2.95,2.71,2.71,2.8,-.38,-.38,.18,.18,];
19.98
Fittest 103
x: [1.86,-1.86,1.61,-1.61,1.43,-1.43,-2.24,1.04,-1.04,.73,-.73,];
y: [-2.81,-2.81,-2.95,-2.95,2.71,2.71,2.8,-.38,-.38,.18,.18,];
19.98
Fittest 104
x: [1.86,-1.86,1.61,-1.61,1.43,-1.43,-2.24,1.04,-1.04,.73,-.73,];
y: [-2.81,-2.81,-2.95,-2.95,2.71,2.71,2.8,-.38,-.38,.18,.18,];
19.98
Fittest 105
x: [1.86,-1.86,1.61,-1.61,1.43,-1.43,-2.24,1.04,-1.04,.73,-.73,];
y: [-2.81,-2.81,-2.95,-2.95,2.71,2.71,2.8,-.38,-.38,.18,.18,];
19.98
Fittest 106
x: [1.86,-1.86,1.61,-1.61,1.43,-1.43,-2.24,1.04,-1.04,.73,-.73,];
y: [-2.81,-2.81,-2.95,-2.95,2.71,2.71,2.8,-.38,-.38,.18,.18,];
19.98
Fittest 107
x: [1.86,-1.86,1.61,-1.61,1.43,-1.43,-2.24,1.04,-1.04,.73,-.73,];
y: [-2.81,-2.81,-2.95,-2.95,2.71,2.71,2.8,-.38,-.38,.18,.18,];
19.98
Fittest 108
x: [1.86,-1.86,1.61,-1.61,1.43,-1.43,-2.24,1.04,-1.04,.73,-.73,];
y: [-2.81,-2.81,-2.95,-2.95,2.71,2.71,2.8,-.38,-.38,.18,.18,];
19.98
Fittest 109
x: [1.86,-1.86,1.61,-1.61,1.43,-1.43,-2.24,1.04,-1.04,.73,-.73,];
y: [-2.81,-2.81,-2.95,-2.95,2.71,2.71,2.8,-.38,-.38,.18,.18,];
19.98
Fittest 110
x: [1.86,-1.86,1.61,-1.61,1.43,-1.43,-2.24,1.04,-1.04,.73,-.73,];
y: [-2.81,-2.81,-2.95,-2.95,2.71,2.71,2.8,-.38,-.38,.18,.18,];
19.98
Fittest 111
x: [1.86,-1.86,1.61,-1.61,1.43,-1.43,-2.24,1.04,-1.04,.73,-.73,];
y: [-2.81,-2.81,-2.95,-2.95,2.71,2.71,2.8,-.38,-.38,.18,.18,];
19.98
Fittest 112
x: [1.86,-1.86,1.61,-1.61,1.43,-1.43,-2.24,1.02,-1.02,.73,-.73,];
y: [-2.81,-2.81,-2.95,-2.95,2.71,2.71,2.8,-.4,-.4,.18,.18,];
19.98
Fittest 113
x: [1.86,-1.86,1.61,-1.61,1.43,-1.43,-2.24,1.02,-1.02,.73,-.73,];
y: [-2.81,-2.81,-2.95,-2.95,2.71,2.71,2.8,-.4,-.4,.18,.18,];
19.98
Fittest 114
x: [1.86,-1.86,1.61,-1.61,1.43,-1.43,-2.24,1.02,-1.02,.73,-.73,];
y: [-2.81,-2.81,-2.95,-2.95,2.71,2.71,2.8,-.4,-.4,.18,.18,];
19.98
Fittest 115
x: [1.86,-1.86,1.61,-1.61,1.43,-1.43,-2.24,1.02,-1.02,.73,-.73,];
y: [-2.81,-2.81,-2.95,-2.95,2.71,2.71,2.8,-.4,-.4,.18,.18,];
19.98
Fittest 116
x: [1.86,-1.86,1.61,-1.61,1.43,-1.43,-2.24,1.02,-1.02,.73,-.73,];
y: [-2.81,-2.81,-2.95,-2.95,2.71,2.71,2.8,-.4,-.4,.18,.18,];
19.98
Fittest 117
x: [1.86,-1.86,1.61,-1.61,1.43,-1.43,-2.24,1.02,-1.02,.73,-.73,];
y: [-2.81,-2.81,-2.95,-2.95,2.71,2.71,2.8,-.4,-.4,.18,.18,];
19.98
Fittest 118
x: [1.86,-1.86,1.61,-1.61,1.43,-1.43,-2.24,1.02,-1.02,.73,-.73,];
y: [-2.81,-2.81,-2.95,-2.95,2.71,2.71,2.8,-.4,-.4,.18,.18,];
19.98
Fittest 119
x: [1.86,-1.86,1.61,-1.61,1.43,-1.43,-2.24,1.02,-1.02,.73,-.73,];
y: [-2.81,-2.81,-2.95,-2.95,2.71,2.71,2.8,-.4,-.4,.18,.18,];
19.98
Fittest 120
x: [1.86,-1.86,1.61,-1.61,1.43,-1.43,-2.24,1.02,-1.02,.73,-.73,];
y: [-2.81,-2.81,-2.95,-2.95,2.71,2.71,2.8,-.4,-.4,.18,.18,];
19.98
Fittest 121
x: [1.86,-1.86,1.61,-1.61,1.46,-1.46,-2.24,1.02,-1.02,.73,-.73,];
y: [-2.81,-2.81,-2.95,-2.95,2.72,2.72,2.8,-.4,-.4,.18,.18,];
19.98
Fittest 122
x: [1.86,-1.86,1.61,-1.61,1.46,-1.46,-2.24,1.02,-1.02,.73,-.73,];
y: [-2.81,-2.81,-2.95,-2.95,2.72,2.72,2.8,-.4,-.4,.18,.18,];
19.98
Fittest 123
x: [1.86,-1.86,1.61,-1.61,1.46,-1.46,-2.24,1.02,-1.02,.73,-.73,];
y: [-2.81,-2.81,-2.95,-2.95,2.72,2.72,2.8,-.4,-.4,.18,.18,];
19.98
Fittest 124
x: [1.86,-1.86,1.61,-1.61,1.46,-1.46,-2.24,1.02,-1.02,.73,-.73,];
y: [-2.81,-2.81,-2.95,-2.95,2.72,2.72,2.8,-.4,-.4,.18,.18,];
19.98
Fittest 125
x: [1.86,-1.86,1.61,-1.61,1.46,-1.46,-2.24,1.02,-1.02,.73,-.73,];
y: [-2.81,-2.81,-2.95,-2.95,2.72,2.72,2.8,-.4,-.4,.18,.18,];
19.98
Fittest 126
x: [1.86,-1.86,1.61,-1.61,1.46,-1.46,-2.24,1.02,-1.02,.73,-.73,];
y: [-2.81,-2.81,-2.95,-2.95,2.72,2.72,2.8,-.4,-.4,.18,.18,];
19.98
Fittest 127
x: [1.86,-1.86,1.61,-1.61,1.46,-1.46,-2.24,1.02,-1.02,.73,-.73,];
y: [-2.81,-2.81,-2.95,-2.95,2.72,2.72,2.8,-.4,-.4,.18,.18,];
19.98
Fittest 128
x: [1.86,-1.86,1.61,-1.61,1.46,-1.46,-2.24,1.02,-1.02,.73,-.73,];
y: [-2.81,-2.81,-2.95,-2.95,2.72,2.72,2.8,-.4,-.4,.18,.18,];
19.98
Fittest 129
x: [1.86,-1.86,1.61,-1.61,1.46,-1.46,-2.24,1.02,-1.02,.73,-.73,];
y: [-2.81,-2.81,-2.95,-2.95,2.72,2.72,2.8,-.4,-.4,.18,.18,];
19.98
Fittest 130
x: [1.86,-1.86,1.61,-1.61,1.46,-1.46,-2.12,1.02,-1.02,.73,-.73,];
y: [-2.81,-2.81,-2.95,-2.95,2.72,2.72,2.89,-.4,-.4,.18,.18,];
19.98
Fittest 131
x: [1.86,-1.86,1.61,-1.61,1.46,-1.46,-2.12,1.02,-1.02,.73,-.73,];
y: [-2.81,-2.81,-2.95,-2.95,2.72,2.72,2.89,-.4,-.4,.18,.18,];
19.98
Fittest 132
x: [1.86,-1.86,1.61,-1.61,1.46,-1.46,-2.12,1.02,-1.02,.73,-.73,];
y: [-2.81,-2.81,-2.95,-2.95,2.72,2.72,2.89,-.4,-.4,.18,.18,];
19.98
Fittest 133
x: [1.86,-1.86,1.61,-1.61,1.46,-1.46,-2.12,1.02,-1.02,.73,-.73,];
y: [-2.81,-2.81,-2.95,-2.95,2.72,2.72,2.89,-.4,-.4,.18,.18,];
19.98
Fittest 134
x: [1.86,-1.86,1.61,-1.61,1.46,-1.46,-2.12,1.02,-1.02,.73,-.73,];
y: [-2.81,-2.81,-2.95,-2.95,2.72,2.72,2.89,-.4,-.4,.18,.18,];
19.98
Fittest 135
x: [1.86,-1.86,1.61,-1.61,1.46,-1.46,-2.12,1.02,-1.02,.73,-.73,];
y: [-2.81,-2.81,-2.95,-2.95,2.72,2.72,2.89,-.4,-.4,.18,.18,];
19.98
Fittest 136
x: [1.86,-1.86,1.61,-1.61,1.46,-1.46,-2.12,1.02,-1.02,.73,-.73,];
y: [-2.81,-2.81,-2.95,-2.95,2.72,2.72,2.89,-.4,-.4,.18,.18,];
19.98
Fittest 137
x: [1.86,-1.86,1.61,-1.61,1.46,-1.46,-2.12,1.02,-1.02,.73,-.73,];
y: [-2.81,-2.81,-2.95,-2.95,2.72,2.72,2.89,-.4,-.4,.18,.18,];
19.98
Fittest 138
x: [1.86,-1.86,1.61,-1.61,1.46,-1.46,-2.12,1.02,-1.02,.73,-.73,];
y: [-2.81,-2.81,-2.95,-2.95,2.72,2.72,2.89,-.4,-.4,.18,.18,];
19.98
Fittest 139
x: [1.86,-1.86,1.82,-1.82,1.46,-1.46,-2.24,1.02,-1.02,.73,-.73,];
y: [-2.81,-2.81,-2.85,-2.85,2.72,2.72,2.8,-.4,-.4,.18,.18,];
19.98
Fittest 140
x: [1.86,-1.86,1.82,-1.82,1.46,-1.46,-2.24,1.02,-1.02,.73,-.73,];
y: [-2.81,-2.81,-2.85,-2.85,2.72,2.72,2.8,-.4,-.4,.18,.18,];
19.98
Fittest 141
x: [1.86,-1.86,1.82,-1.82,1.46,-1.46,-2.24,1.02,-1.02,.73,-.73,];
y: [-2.81,-2.81,-2.85,-2.85,2.72,2.72,2.8,-.4,-.4,.18,.18,];
19.98
Fittest 142
x: [1.86,-1.86,1.82,-1.82,1.46,-1.46,-2.24,1.02,-1.02,.73,-.73,];
y: [-2.81,-2.81,-2.85,-2.85,2.72,2.72,2.8,-.4,-.4,.18,.18,];
19.98
Fittest 143
x: [1.86,-1.86,1.82,-1.82,1.46,-1.46,-2.24,1.02,-1.02,.73,-.73,];
y: [-2.81,-2.81,-2.85,-2.85,2.72,2.72,2.8,-.4,-.4,.18,.18,];
19.98
Fittest 144
x: [1.86,-1.86,1.82,-1.82,1.46,-1.46,-2.24,1.02,-1.02,.73,-.73,];
y: [-2.81,-2.81,-2.85,-2.85,2.72,2.72,2.8,-.4,-.4,.18,.18,];
19.98
Fittest 145
x: [1.86,-1.86,1.82,-1.82,1.46,-1.46,-2.24,1.02,-1.02,.73,-.73,];
y: [-2.81,-2.81,-2.85,-2.85,2.72,2.72,2.8,-.4,-.4,.18,.18,];
19.98
Fittest 146
x: [1.86,-1.86,1.82,-1.82,1.46,-1.46,-2.24,1.02,-1.02,.73,-.73,];
y: [-2.81,-2.81,-2.85,-2.85,2.72,2.72,2.8,-.4,-.4,.18,.18,];
19.98
Fittest 147
x: [1.86,-1.86,1.82,-1.82,1.46,-1.46,-2.25,1.02,-1.02,.73,-.73,];
y: [-2.81,-2.81,-2.85,-2.85,2.72,2.72,2.84,-.4,-.4,.18,.18,];
19.97
Fittest 148
x: [1.86,-1.86,1.82,-1.82,1.46,-1.46,-2.25,1.02,-1.02,.73,-.73,];
y: [-2.81,-2.81,-2.85,-2.85,2.72,2.72,2.84,-.4,-.4,.18,.18,];
19.97
Fittest 149
x: [1.86,-1.86,1.82,-1.82,1.46,-1.46,-2.25,1.02,-1.02,.73,-.73,];
y: [-2.81,-2.81,-2.85,-2.85,2.72,2.72,2.84,-.4,-.4,.18,.18,];
19.97
Fittest 150
x: [1.86,-1.86,1.82,-1.82,1.46,-1.46,-2.25,1.02,-1.02,.73,-.73,];
y: [-2.81,-2.81,-2.85,-2.85,2.72,2.72,2.84,-.4,-.4,.18,.18,];
19.97
Fittest 151
x: [1.86,-1.86,1.82,-1.82,1.46,-1.46,-2.25,1.02,-1.02,.73,-.73,];
y: [-2.81,-2.81,-2.85,-2.85,2.72,2.72,2.84,-.4,-.4,.18,.18,];
19.97
Fittest 152
x: [1.86,-1.86,1.82,-1.82,1.46,-1.46,-2.25,1.02,-1.02,.73,-.73,];
y: [-2.81,-2.81,-2.85,-2.85,2.72,2.72,2.84,-.4,-.4,.18,.18,];
19.97
Fittest 153
x: [1.86,-1.86,1.82,-1.82,1.46,-1.46,-2.25,1.02,-1.02,.73,-.73,];
y: [-2.81,-2.81,-2.85,-2.85,2.72,2.72,2.84,-.4,-.4,.18,.18,];
19.97
Fittest 154
x: [1.86,-1.86,1.82,-1.82,1.46,-1.46,-2.25,1.02,-1.02,.73,-.73,];
y: [-2.81,-2.81,-2.85,-2.85,2.72,2.72,2.84,-.4,-.4,.18,.18,];
19.97
Fittest 155
x: [1.86,-1.86,1.82,-1.82,1.46,-1.46,-2.25,1.02,-1.02,.73,-.73,];
y: [-2.81,-2.81,-2.85,-2.85,2.72,2.72,2.84,-.4,-.4,.18,.18,];
19.97
Fittest 156
x: [1.86,-1.86,1.82,-1.82,1.46,-1.46,-2.25,1.02,-1.02,.73,-.73,];
y: [-2.81,-2.81,-2.85,-2.85,2.72,2.72,2.84,-.4,-.4,.18,.18,];
19.97
Fittest 157
x: [1.86,-1.86,1.82,-1.82,1.46,-1.46,-2.25,1.02,-1.02,.73,-.73,];
y: [-2.81,-2.81,-2.85,-2.85,2.72,2.72,2.84,-.4,-.4,.18,.18,];
19.97
Fittest 158
x: [1.86,-1.86,1.82,-1.82,1.46,-1.46,-2.25,1.02,-1.02,.73,-.73,];
y: [-2.81,-2.81,-2.87,-2.87,2.72,2.72,2.84,-.4,-.4,.18,.18,];
19.97
Fittest 159
x: [1.86,-1.86,1.82,-1.82,1.46,-1.46,-2.25,1.02,-1.02,.73,-.73,];
y: [-2.81,-2.81,-2.87,-2.87,2.72,2.72,2.84,-.4,-.4,.18,.18,];
19.97
Fittest 160
x: [1.86,-1.86,1.82,-1.82,1.46,-1.46,-2.25,1.02,-1.02,.73,-.73,];
y: [-2.81,-2.81,-2.87,-2.87,2.72,2.72,2.84,-.4,-.4,.18,.18,];
19.97
Fittest 161
x: [1.86,-1.86,1.82,-1.82,1.46,-1.46,-2.25,1.02,-1.02,.73,-.73,];
y: [-2.81,-2.81,-2.87,-2.87,2.72,2.72,2.84,-.4,-.4,.18,.18,];
19.97
Fittest 162
x: [1.86,-1.86,1.82,-1.82,1.46,-1.46,-2.25,1.02,-1.02,.73,-.73,];
y: [-2.81,-2.81,-2.87,-2.87,2.72,2.72,2.84,-.4,-.4,.18,.18,];
19.97
Fittest 163
x: [1.86,-1.86,1.82,-1.82,1.46,-1.46,-2.25,1.02,-1.02,.73,-.73,];
y: [-2.81,-2.81,-2.87,-2.87,2.72,2.72,2.84,-.4,-.4,.18,.18,];
19.97
Fittest 164
x: [1.86,-1.86,1.82,-1.82,1.46,-1.46,-2.25,1.02,-1.02,.73,-.73,];
y: [-2.81,-2.81,-2.87,-2.87,2.72,2.72,2.84,-.4,-.4,.18,.18,];
19.97
Fittest 165
x: [1.86,-1.86,1.82,-1.82,1.46,-1.46,-2.25,1.02,-1.02,.73,-.73,];
y: [-2.81,-2.81,-2.87,-2.87,2.72,2.72,2.84,-.4,-.4,.18,.18,];
19.97
Fittest 166
x: [1.86,-1.86,1.78,-1.78,1.46,-1.46,-2.25,1.02,-1.02,.73,-.73,];
y: [-2.81,-2.81,-2.91,-2.91,2.72,2.72,2.84,-.4,-.4,.18,.18,];
19.97
Fittest 167
x: [1.86,-1.86,1.78,-1.78,1.46,-1.46,-2.25,1.02,-1.02,.73,-.73,];
y: [-2.81,-2.81,-2.91,-2.91,2.72,2.72,2.84,-.4,-.4,.18,.18,];
19.97
Fittest 168
x: [1.86,-1.86,1.78,-1.78,1.46,-1.46,-2.25,1.02,-1.02,.73,-.73,];
y: [-2.81,-2.81,-2.91,-2.91,2.72,2.72,2.84,-.4,-.4,.18,.18,];
19.97
Fittest 169
x: [1.86,-1.86,1.78,-1.78,1.46,-1.46,-2.25,1.02,-1.02,.73,-.73,];
y: [-2.81,-2.81,-2.91,-2.91,2.72,2.72,2.84,-.4,-.4,.18,.18,];
19.97
Fittest 170
x: [1.86,-1.86,1.78,-1.78,1.46,-1.46,-2.25,1.02,-1.02,.73,-.73,];
y: [-2.81,-2.81,-2.91,-2.91,2.72,2.72,2.84,-.4,-.4,.18,.18,];
19.97
Fittest 171
x: [1.86,-1.86,1.78,-1.78,1.46,-1.46,-2.25,1.02,-1.02,.73,-.73,];
y: [-2.81,-2.81,-2.91,-2.91,2.72,2.72,2.84,-.4,-.4,.18,.18,];
19.97
Fittest 172
x: [1.86,-1.86,1.78,-1.78,1.46,-1.46,-2.25,1.02,-1.02,.73,-.73,];
y: [-2.81,-2.81,-2.91,-2.91,2.72,2.72,2.84,-.4,-.4,.18,.18,];
19.97
Fittest 173
x: [1.86,-1.86,1.78,-1.78,1.46,-1.46,-2.25,1.02,-1.02,.73,-.73,];
y: [-2.81,-2.81,-2.91,-2.91,2.72,2.72,2.84,-.4,-.4,.18,.18,];
19.97
Fittest 174
x: [1.86,-1.86,1.78,-1.78,1.46,-1.46,-2.25,-.98,.98,.73,-.73,];
y: [-2.81,-2.81,-2.91,-2.91,2.72,2.72,2.84,-.35,-.35,.18,.18,];
19.96
Fittest 175
x: [1.86,-1.86,1.78,-1.78,1.46,-1.46,-2.25,-.98,.98,.73,-.73,];
y: [-2.81,-2.81,-2.91,-2.91,2.72,2.72,2.84,-.35,-.35,.18,.18,];
19.96
Fittest 176
x: [1.86,-1.86,1.78,-1.78,1.46,-1.46,-2.25,-.98,.98,.73,-.73,];
y: [-2.81,-2.81,-2.91,-2.91,2.72,2.72,2.84,-.35,-.35,.18,.18,];
19.96
Fittest 177
x: [1.86,-1.86,1.78,-1.78,1.46,-1.46,-2.25,-.98,.98,.73,-.73,];
y: [-2.81,-2.81,-2.91,-2.91,2.72,2.72,2.84,-.35,-.35,.18,.18,];
19.96
Fittest 178
x: [1.86,-1.86,1.78,-1.78,1.46,-1.46,-2.25,-.98,.98,.73,-.73,];
y: [-2.81,-2.81,-2.91,-2.91,2.72,2.72,2.84,-.35,-.35,.18,.18,];
19.96
Fittest 179
x: [1.86,-1.86,1.78,-1.78,1.46,-1.46,-2.25,-.98,.98,.73,-.73,];
y: [-2.81,-2.81,-2.91,-2.91,2.72,2.72,2.84,-.35,-.35,.18,.18,];
19.96
Fittest 180
x: [1.86,-1.86,1.78,-1.78,1.46,-1.46,-2.25,-.98,.98,.73,-.73,];
y: [-2.81,-2.81,-2.91,-2.91,2.72,2.72,2.84,-.35,-.35,.18,.18,];
19.96
Fittest 181
x: [1.86,-1.86,1.78,-1.78,1.46,-1.46,-2.25,-.98,.98,.73,-.73,];
y: [-2.81,-2.81,-2.91,-2.91,2.72,2.72,2.84,-.35,-.35,.18,.18,];
19.96
Fittest 182
x: [1.86,-1.86,1.78,-1.78,1.46,-1.46,-2.25,-.98,.98,.73,-.73,];
y: [-2.81,-2.81,-2.91,-2.91,2.72,2.72,2.84,-.35,-.35,.18,.18,];
19.96
Fittest 183
x: [1.86,-1.86,1.78,-1.78,1.46,-1.46,-2.25,-.98,.98,.73,-.73,];
y: [-2.81,-2.81,-2.91,-2.91,2.72,2.72,2.84,-.35,-.35,.18,.18,];
19.96
Fittest 184
x: [1.86,-1.86,1.78,-1.78,1.46,-1.46,-2.25,-.98,.98,.73,-.73,];
y: [-2.81,-2.81,-2.91,-2.91,2.72,2.72,2.84,-.35,-.35,.18,.18,];
19.96
Fittest 185
x: [1.86,-1.86,1.78,-1.78,1.46,-1.46,-2.25,-.98,.98,.73,-.73,];
y: [-2.81,-2.81,-2.91,-2.91,2.72,2.72,2.84,-.35,-.35,.18,.18,];
19.96
Fittest 186
x: [1.86,-1.86,1.78,-1.78,1.46,-1.46,-2.25,-.98,.98,.73,-.73,];
y: [-2.81,-2.81,-2.91,-2.91,2.72,2.72,2.84,-.35,-.35,.18,.18,];
19.96
Fittest 187
x: [1.86,-1.86,1.78,-1.78,1.46,-1.46,-2.25,-.98,.98,.73,-.73,];
y: [-2.81,-2.81,-2.91,-2.91,2.72,2.72,2.84,-.35,-.35,.18,.18,];
19.96
Fittest 188
x: [1.86,-1.86,1.78,-1.78,1.46,-1.46,-2.25,-.98,.98,.73,-.73,];
y: [-2.81,-2.81,-2.91,-2.91,2.72,2.72,2.84,-.35,-.35,.18,.18,];
19.96
Fittest 189
x: [1.86,-1.86,1.78,-1.78,1.46,-1.46,-2.25,-.98,.98,.73,-.73,];
y: [-2.81,-2.81,-2.91,-2.91,2.72,2.72,2.84,-.35,-.35,.18,.18,];
19.96
Fittest 190
x: [1.86,-1.86,1.78,-1.78,1.46,-1.46,-2.25,-.98,.98,.73,-.73,];
y: [-2.81,-2.81,-2.91,-2.91,2.72,2.72,2.84,-.35,-.35,.18,.18,];
19.96
Fittest 191
x: [1.86,-1.86,1.78,-1.78,1.46,-1.46,-2.25,-.98,.98,.73,-.73,];
y: [-2.81,-2.81,-2.91,-2.91,2.72,2.72,2.84,-.35,-.35,.18,.18,];
19.96
Fittest 192
x: [1.86,-1.86,1.78,-1.78,1.46,-1.46,-2.25,.89,-.89,.73,-.73,];
y: [-2.81,-2.81,-2.91,-2.91,2.72,2.72,2.84,-.36,-.36,.18,.18,];
19.96
Fittest 193
x: [1.86,-1.86,1.78,-1.78,1.46,-1.46,-2.25,.89,-.89,.73,-.73,];
y: [-2.81,-2.81,-2.91,-2.91,2.72,2.72,2.84,-.36,-.36,.18,.18,];
19.96
Fittest 194
x: [1.86,-1.86,1.78,-1.78,1.46,-1.46,-2.25,.89,-.89,.73,-.73,];
y: [-2.81,-2.81,-2.91,-2.91,2.72,2.72,2.84,-.36,-.36,.18,.18,];
19.96
Fittest 195
x: [1.86,-1.86,1.78,-1.78,1.46,-1.46,-2.25,.89,-.89,.73,-.73,];
y: [-2.81,-2.81,-2.91,-2.91,2.72,2.72,2.84,-.36,-.36,.18,.18,];
19.96
Fittest 196
x: [1.86,-1.86,1.78,-1.78,1.46,-1.46,-2.25,.89,-.89,.73,-.73,];
y: [-2.81,-2.81,-2.91,-2.91,2.72,2.72,2.84,-.36,-.36,.18,.18,];
19.96
Fittest 197
x: [1.86,-1.86,1.78,-1.78,1.46,-1.46,-2.25,.89,-.89,.73,-.73,];
y: [-2.81,-2.81,-2.91,-2.91,2.72,2.72,2.84,-.36,-.36,.18,.18,];
19.96
Fittest 198
x: [1.86,-1.86,1.78,-1.78,1.46,-1.46,-2.25,.89,-.89,.73,-.73,];
y: [-2.81,-2.81,-2.91,-2.91,2.72,2.72,2.84,-.36,-.36,.18,.18,];
19.96
Fittest 199
x: [1.86,-1.86,1.78,-1.78,1.46,-1.46,-2.25,.89,-.89,.73,-.73,];
y: [-2.81,-2.81,-2.91,-2.91,2.72,2.72,2.84,-.36,-.36,.18,.18,];
19.96
Fittest 200
x: [1.86,-1.86,1.78,-1.78,1.46,-1.46,-2.25,.89,-.89,.73,-.73,];
y: [-2.81,-2.81,-2.91,-2.91,2.72,2.72,2.84,-.36,-.36,.18,.18,];
19.96
Fittest 201
x: [1.86,-1.86,1.78,-1.78,1.46,-1.46,-2.25,.89,-.89,.73,-.73,];
y: [-2.81,-2.81,-2.91,-2.91,2.72,2.72,2.84,-.36,-.36,.18,.18,];
19.96
Fittest 202
x: [1.86,-1.86,1.78,-1.78,1.46,-1.46,-2.25,.89,-.89,.73,-.73,];
y: [-2.81,-2.81,-2.91,-2.91,2.72,2.72,2.84,-.36,-.36,.18,.18,];
19.96
Fittest 203
x: [1.86,-1.86,1.78,-1.78,1.46,-1.46,-2.25,.89,-.89,.73,-.73,];
y: [-2.81,-2.81,-2.91,-2.91,2.72,2.72,2.84,-.36,-.36,.18,.18,];
19.96
Fittest 204
x: [1.86,-1.86,1.78,-1.78,1.46,-1.46,-2.25,.89,-.89,.73,-.73,];
y: [-2.81,-2.81,-2.91,-2.91,2.72,2.72,2.84,-.36,-.36,.18,.18,];
19.96
Fittest 205
x: [1.86,-1.86,1.78,-1.78,1.46,-1.46,-2.25,.89,-.89,.73,-.73,];
y: [-2.81,-2.81,-2.91,-2.91,2.72,2.72,2.84,-.36,-.36,.18,.18,];
19.96
Fittest 206
x: [1.86,-1.86,1.78,-1.78,1.46,-1.46,-2.25,.89,-.89,.73,-.73,];
y: [-2.81,-2.81,-2.91,-2.91,2.72,2.72,2.84,-.36,-.36,.18,.18,];
19.96
Fittest 207
x: [1.86,-1.86,1.78,-1.78,1.46,-1.46,-2.25,.89,-.89,.73,-.73,];
y: [-2.81,-2.81,-2.91,-2.91,2.72,2.72,2.84,-.36,-.36,.18,.18,];
19.96
Fittest 208
x: [1.86,-1.86,1.78,-1.78,1.46,-1.46,-2.25,.89,-.89,.73,-.73,];
y: [-2.81,-2.81,-2.91,-2.91,2.72,2.72,2.84,-.36,-.36,.18,.18,];
19.96
Fittest 209
x: [1.86,-1.86,1.78,-1.78,1.46,-1.46,-2.25,.89,-.89,.73,-.73,];
y: [-2.81,-2.81,-2.91,-2.91,2.72,2.72,2.84,-.36,-.36,.18,.18,];
19.96
Fittest 210
x: [1.86,-1.86,1.78,-1.78,1.46,-1.46,-2.25,.89,-.89,.73,-.73,];
y: [-2.81,-2.81,-2.91,-2.91,2.72,2.72,2.84,-.36,-.36,.18,.18,];
19.96
Fittest 211
x: [1.86,-1.86,1.78,-1.78,1.46,-1.46,-2.25,.89,-.89,.73,-.73,];
y: [-2.81,-2.81,-2.91,-2.91,2.72,2.72,2.84,-.36,-.36,.18,.18,];
19.96
Fittest 212
x: [1.86,-1.86,1.78,-1.78,1.46,-1.46,-2.25,.89,-.89,.73,-.73,];
y: [-2.81,-2.81,-2.91,-2.91,2.72,2.72,2.84,-.36,-.36,.18,.18,];
19.96
Fittest 213
x: [1.86,-1.86,1.78,-1.78,1.46,-1.46,-2.25,.89,-.89,.73,-.73,];
y: [-2.81,-2.81,-2.91,-2.91,2.72,2.72,2.84,-.36,-.36,.18,.18,];
19.96
Fittest 214
x: [1.86,-1.86,1.78,-1.78,1.46,-1.46,-2.25,.89,-.89,.73,-.73,];
y: [-2.81,-2.81,-2.91,-2.91,2.72,2.72,2.84,-.36,-.36,.18,.18,];
19.96
Fittest 215
x: [1.86,-1.86,1.78,-1.78,1.46,-1.46,-2.25,.89,-.89,.73,-.73,];
y: [-2.81,-2.81,-2.91,-2.91,2.72,2.72,2.84,-.36,-.36,.18,.18,];
19.96
Fittest 216
x: [1.86,-1.86,1.78,-1.78,1.46,-1.46,-2.25,.89,-.89,.73,-.73,];
y: [-2.81,-2.81,-2.91,-2.91,2.72,2.72,2.84,-.36,-.36,.18,.18,];
19.96
Fittest 217
x: [1.86,-1.86,1.78,-1.78,1.46,-1.46,-2.25,.89,-.89,.73,-.73,];
y: [-2.81,-2.81,-2.91,-2.91,2.72,2.72,2.84,-.36,-.36,.18,.18,];
19.96
Fittest 218
x: [1.86,-1.86,1.78,-1.78,1.46,-1.46,-2.25,.89,-.89,.73,-.73,];
y: [-2.81,-2.81,-2.91,-2.91,2.72,2.72,2.84,-.36,-.36,.18,.18,];
19.96
Fittest 219
x: [1.86,-1.86,1.78,-1.78,1.46,-1.46,-2.25,.89,-.89,.73,-.73,];
y: [-2.81,-2.81,-2.91,-2.91,2.72,2.72,2.84,-.36,-.36,.18,.18,];
19.96
Fittest 220
x: [1.86,-1.86,1.78,-1.78,1.46,-1.46,-2.25,.89,-.89,.73,-.73,];
y: [-2.81,-2.81,-2.91,-2.91,2.72,2.72,2.84,-.36,-.36,.18,.18,];
19.96
Fittest 221
x: [1.86,-1.86,1.78,-1.78,1.46,-1.46,-2.25,.89,-.89,.73,-.73,];
y: [-2.81,-2.81,-2.91,-2.91,2.72,2.72,2.84,-.36,-.36,.18,.18,];
19.96
Fittest 222
x: [1.86,-1.86,1.78,-1.78,1.46,-1.46,-2.25,.89,-.89,.73,-.73,];
y: [-2.81,-2.81,-2.91,-2.91,2.72,2.72,2.84,-.36,-.36,.18,.18,];
19.96
Fittest 223
x: [1.86,-1.86,1.78,-1.78,1.46,-1.46,-2.25,.89,-.89,.73,-.73,];
y: [-2.81,-2.81,-2.91,-2.91,2.72,2.72,2.84,-.36,-.36,.18,.18,];
19.96
Fittest 224
x: [1.86,-1.86,1.78,-1.78,1.46,-1.46,-2.25,.89,-.89,.73,-.73,];
y: [-2.81,-2.81,-2.91,-2.91,2.72,2.72,2.84,-.36,-.36,.18,.18,];
19.96
Fittest 225
x: [1.86,-1.86,1.78,-1.78,1.46,-1.46,-2.25,.89,-.89,.73,-.73,];
y: [-2.81,-2.81,-2.91,-2.91,2.72,2.72,2.84,-.36,-.36,.18,.18,];
19.96
Fittest 226
x: [1.86,-1.86,1.78,-1.78,1.46,-1.46,-2.25,.89,-.89,.73,-.73,];
y: [-2.81,-2.81,-2.91,-2.91,2.72,2.72,2.84,-.36,-.36,.18,.18,];
19.96
Fittest 227
x: [1.86,-1.86,1.78,-1.78,1.46,-1.46,-2.25,.89,-.89,.73,-.73,];
y: [-2.81,-2.81,-2.91,-2.91,2.72,2.72,2.84,-.36,-.36,.18,.18,];
19.96
Fittest 228
x: [1.86,-1.86,1.78,-1.78,1.46,-1.46,-2.25,.89,-.89,.73,-.73,];
y: [-2.81,-2.81,-2.91,-2.91,2.72,2.72,2.84,-.36,-.36,.18,.18,];
19.96
Fittest 229
x: [1.86,-1.86,1.78,-1.78,1.46,-1.46,-2.25,.89,-.89,.73,-.73,];
y: [-2.81,-2.81,-2.91,-2.91,2.72,2.72,2.84,-.36,-.36,.18,.18,];
19.96
Fittest 230
x: [1.86,-1.86,1.78,-1.78,1.46,-1.46,-2.25,.89,-.89,.73,-.73,];
y: [-2.81,-2.81,-2.91,-2.91,2.72,2.72,2.84,-.36,-.36,.18,.18,];
19.96
Fittest 231
x: [1.86,-1.86,1.78,-1.78,1.46,-1.46,-2.25,.89,-.89,.73,-.73,];
y: [-2.81,-2.81,-2.91,-2.91,2.72,2.72,2.84,-.36,-.36,.18,.18,];
19.96
Fittest 232
x: [1.86,-1.86,1.78,-1.78,1.46,-1.46,-2.25,.89,-.89,.73,-.73,];
y: [-2.81,-2.81,-2.91,-2.91,2.72,2.72,2.84,-.36,-.36,.18,.18,];
19.96
Fittest 233
x: [1.86,-1.86,1.78,-1.78,1.46,-1.46,-2.25,.89,-.89,.73,-.73,];
y: [-2.81,-2.81,-2.91,-2.91,2.72,2.72,2.84,-.36,-.36,.18,.18,];
19.96
Fittest 234
x: [1.86,-1.86,1.78,-1.78,1.46,-1.46,-2.25,.89,-.89,.73,-.73,];
y: [-2.81,-2.81,-2.91,-2.91,2.72,2.72,2.84,-.36,-.36,.18,.18,];
19.96
Fittest 235
x: [1.86,-1.86,1.78,-1.78,1.46,-1.46,-2.25,.89,-.89,.73,-.73,];
y: [-2.81,-2.81,-2.91,-2.91,2.72,2.72,2.84,-.36,-.36,.18,.18,];
19.96
Fittest 236
x: [1.86,-1.86,1.78,-1.78,1.46,-1.46,-2.25,.89,-.89,.73,-.73,];
y: [-2.81,-2.81,-2.91,-2.91,2.72,2.72,2.84,-.36,-.36,.18,.18,];
19.96
Fittest 237
x: [1.86,-1.86,1.78,-1.78,1.46,-1.46,-2.25,.89,-.89,.73,-.73,];
y: [-2.81,-2.81,-2.91,-2.91,2.72,2.72,2.84,-.36,-.36,.18,.18,];
19.96
Fittest 238
x: [1.86,-1.86,1.78,-1.78,1.46,-1.46,-2.25,.89,-.89,.73,-.73,];
y: [-2.81,-2.81,-2.91,-2.91,2.72,2.72,2.84,-.36,-.36,.18,.18,];
19.96
Fittest 239
x: [1.86,-1.86,1.78,-1.78,1.46,-1.46,-2.25,.89,-.89,.73,-.73,];
y: [-2.81,-2.81,-2.91,-2.91,2.72,2.72,2.84,-.36,-.36,.18,.18,];
19.96
Fittest 240
x: [1.86,-1.86,1.78,-1.78,1.46,-1.46,-2.25,.89,-.89,.73,-.73,];
y: [-2.81,-2.81,-2.91,-2.91,2.72,2.72,2.84,-.36,-.36,.18,.18,];
19.96
Fittest 241
x: [1.86,-1.86,1.79,-1.79,1.46,-1.46,-2.25,.89,-.89,.73,-.73,];
y: [-2.81,-2.81,-2.92,-2.92,2.72,2.72,2.84,-.36,-.36,.18,.18,];
19.96
Fittest 242
x: [1.86,-1.86,1.79,-1.79,1.46,-1.46,-2.25,.89,-.89,.73,-.73,];
y: [-2.81,-2.81,-2.92,-2.92,2.72,2.72,2.84,-.36,-.36,.18,.18,];
19.96
Fittest 243
x: [1.86,-1.86,1.79,-1.79,1.46,-1.46,-2.25,.89,-.89,.73,-.73,];
y: [-2.81,-2.81,-2.92,-2.92,2.72,2.72,2.84,-.36,-.36,.18,.18,];
19.96
Fittest 244
x: [1.86,-1.86,1.79,-1.79,1.46,-1.46,-2.25,.89,-.89,.73,-.73,];
y: [-2.81,-2.81,-2.92,-2.92,2.72,2.72,2.84,-.36,-.36,.18,.18,];
19.96
Fittest 245
x: [1.86,-1.86,1.79,-1.79,1.46,-1.46,-2.25,.89,-.89,.73,-.73,];
y: [-2.81,-2.81,-2.92,-2.92,2.72,2.72,2.84,-.36,-.36,.18,.18,];
19.96
Fittest 246
x: [1.86,-1.86,1.79,-1.79,1.46,-1.46,-2.25,.89,-.89,.73,-.73,];
y: [-2.81,-2.81,-2.92,-2.92,2.72,2.72,2.84,-.36,-.36,.18,.18,];
19.96
Fittest 247
x: [1.86,-1.86,1.79,-1.79,1.46,-1.46,-2.25,.89,-.89,.73,-.73,];
y: [-2.81,-2.81,-2.92,-2.92,2.72,2.72,2.84,-.36,-.36,.18,.18,];
19.96
Fittest 248
x: [1.86,-1.86,1.79,-1.79,1.46,-1.46,-2.25,.89,-.89,.73,-.73,];
y: [-2.81,-2.81,-2.92,-2.92,2.72,2.72,2.84,-.36,-.36,.18,.18,];
19.96
Fittest 249
x: [1.86,-1.86,1.79,-1.79,1.46,-1.46,-2.25,.89,-.89,.73,-.73,];
y: [-2.81,-2.81,-2.92,-2.92,2.72,2.72,2.84,-.36,-.36,.18,.18,];
19.96
Fittest 250
x: [1.86,-1.86,1.79,-1.79,1.46,-1.46,-2.25,.89,-.89,.73,-.73,];
y: [-2.81,-2.81,-2.92,-2.92,2.72,2.72,2.84,-.36,-.36,.18,.18,];
19.96
Fittest 251
x: [1.86,-1.86,1.79,-1.79,1.46,-1.46,-2.25,.89,-.89,.73,-.73,];
y: [-2.81,-2.81,-2.92,-2.92,2.72,2.72,2.84,-.36,-.36,.18,.18,];
19.96
Fittest 252
x: [1.86,-1.86,1.79,-1.79,1.46,-1.46,-2.25,.89,-.89,.73,-.73,];
y: [-2.81,-2.81,-2.92,-2.92,2.72,2.72,2.84,-.36,-.36,.18,.18,];
19.96
Fittest 253
x: [1.86,-1.86,1.79,-1.79,1.46,-1.46,-2.25,.89,-.89,.73,-.73,];
y: [-2.81,-2.81,-2.92,-2.92,2.72,2.72,2.84,-.36,-.36,.18,.18,];
19.96
Fittest 254
x: [1.86,-1.86,1.79,-1.79,1.49,-1.49,-2.25,.89,-.89,.73,-.73,];
y: [-2.81,-2.81,-2.92,-2.92,2.83,2.83,2.84,-.36,-.36,.18,.18,];
19.94
Fittest 255
x: [1.86,-1.86,1.79,-1.79,1.49,-1.49,-2.25,.89,-.89,.73,-.73,];
y: [-2.81,-2.81,-2.92,-2.92,2.83,2.83,2.84,-.36,-.36,.18,.18,];
19.94
Fittest 256
x: [1.86,-1.86,1.79,-1.79,1.49,-1.49,-2.25,.89,-.89,.73,-.73,];
y: [-2.81,-2.81,-2.92,-2.92,2.83,2.83,2.84,-.36,-.36,.18,.18,];
19.94
Fittest 257
x: [1.86,-1.86,1.79,-1.79,1.49,-1.49,-2.25,.89,-.89,.73,-.73,];
y: [-2.81,-2.81,-2.92,-2.92,2.83,2.83,2.84,-.36,-.36,.18,.18,];
19.94
Fittest 258
x: [1.86,-1.86,1.79,-1.79,1.49,-1.49,-2.25,.89,-.89,.73,-.73,];
y: [-2.81,-2.81,-2.92,-2.92,2.83,2.83,2.84,-.36,-.36,.18,.18,];
19.94
Fittest 259
x: [1.86,-1.86,1.79,-1.79,1.49,-1.49,-2.25,.89,-.89,.73,-.73,];
y: [-2.81,-2.81,-2.92,-2.92,2.83,2.83,2.84,-.36,-.36,.18,.18,];
19.94
Fittest 260
x: [1.86,-1.86,1.79,-1.79,1.49,-1.49,-2.25,.89,-.89,.73,-.73,];
y: [-2.81,-2.81,-2.92,-2.92,2.83,2.83,2.84,-.36,-.36,.18,.18,];
19.94
Fittest 261
x: [1.86,-1.86,1.79,-1.79,1.49,-1.49,-2.25,.89,-.89,.73,-.73,];
y: [-2.81,-2.81,-2.92,-2.92,2.83,2.83,2.84,-.36,-.36,.18,.18,];
19.94
Fittest 262
x: [1.86,-1.86,1.79,-1.79,1.49,-1.49,-2.25,.89,-.89,.73,-.73,];
y: [-2.81,-2.81,-2.92,-2.92,2.83,2.83,2.84,-.36,-.36,.18,.18,];
19.94
Fittest 263
x: [1.86,-1.86,1.79,-1.79,1.49,-1.49,-2.25,.89,-.89,.73,-.73,];
y: [-2.81,-2.81,-2.92,-2.92,2.83,2.83,2.84,-.36,-.36,.18,.18,];
19.94
Fittest 264
x: [1.86,-1.86,1.79,-1.79,1.49,-1.49,-2.25,.89,-.89,.73,-.73,];
y: [-2.81,-2.81,-2.92,-2.92,2.83,2.83,2.84,-.36,-.36,.18,.18,];
19.94
Fittest 265
x: [1.86,-1.86,1.79,-1.79,1.49,-1.49,-2.25,.89,-.89,.73,-.73,];
y: [-2.81,-2.81,-2.92,-2.92,2.83,2.83,2.84,-.36,-.36,.18,.18,];
19.94
Fittest 266
x: [1.86,-1.86,1.79,-1.79,1.49,-1.49,-2.25,.89,-.89,.73,-.73,];
y: [-2.81,-2.81,-2.92,-2.92,2.83,2.83,2.84,-.36,-.36,.18,.18,];
19.94
Fittest 267
x: [1.86,-1.86,1.79,-1.79,1.49,-1.49,-2.25,.89,-.89,.73,-.73,];
y: [-2.81,-2.81,-2.92,-2.92,2.83,2.83,2.84,-.36,-.36,.18,.18,];
19.94
Fittest 268
x: [1.86,-1.86,1.79,-1.79,1.49,-1.49,-2.25,.89,-.89,.73,-.73,];
y: [-2.81,-2.81,-2.92,-2.92,2.83,2.83,2.84,-.36,-.36,.18,.18,];
19.94
Fittest 269
x: [1.86,-1.86,1.79,-1.79,1.49,-1.49,-2.25,.89,-.89,.73,-.73,];
y: [-2.81,-2.81,-2.92,-2.92,2.83,2.83,2.84,-.36,-.36,.18,.18,];
19.94
Fittest 270
x: [1.86,-1.86,1.79,-1.79,1.49,-1.49,-2.25,.89,-.89,.73,-.73,];
y: [-2.81,-2.81,-2.92,-2.92,2.83,2.83,2.84,-.36,-.36,.18,.18,];
19.94
Fittest 271
x: [1.86,-1.86,1.79,-1.79,1.49,-1.49,-2.25,.89,-.89,.73,-.73,];
y: [-2.81,-2.81,-2.92,-2.92,2.83,2.83,2.84,-.36,-.36,.18,.18,];
19.94
Fittest 272
x: [1.86,-1.86,1.79,-1.79,1.49,-1.49,-2.25,.89,-.89,.73,-.73,];
y: [-2.81,-2.81,-2.92,-2.92,2.83,2.83,2.84,-.36,-.36,.18,.18,];
19.94
Fittest 273
x: [1.86,-1.86,1.79,-1.79,1.49,-1.49,-2.25,.89,-.89,.73,-.73,];
y: [-2.81,-2.81,-2.92,-2.92,2.83,2.83,2.84,-.36,-.36,.18,.18,];
19.94
Fittest 274
x: [1.86,-1.86,1.79,-1.79,1.49,-1.49,-2.25,.89,-.89,.73,-.73,];
y: [-2.81,-2.81,-2.92,-2.92,2.83,2.83,2.84,-.36,-.36,.18,.18,];
19.94
Fittest 275
x: [1.86,-1.86,1.79,-1.79,1.49,-1.49,-2.25,.89,-.89,.73,-.73,];
y: [-2.81,-2.81,-2.92,-2.92,2.83,2.83,2.84,-.36,-.36,.18,.18,];
19.94
Fittest 276
x: [1.86,-1.86,1.79,-1.79,1.49,-1.49,-2.25,.89,-.89,.73,-.73,];
y: [-2.81,-2.81,-2.92,-2.92,2.83,2.83,2.84,-.36,-.36,.18,.18,];
19.94
Fittest 277
x: [1.86,-1.86,1.79,-1.79,1.49,-1.49,-2.25,.89,-.89,.73,-.73,];
y: [-2.81,-2.81,-2.92,-2.92,2.83,2.83,2.84,-.36,-.36,.18,.18,];
19.94
Fittest 278
x: [1.86,-1.86,1.79,-1.79,1.49,-1.49,-2.25,.89,-.89,.73,-.73,];
y: [-2.81,-2.81,-2.92,-2.92,2.83,2.83,2.84,-.36,-.36,.18,.18,];
19.94
Fittest 279
x: [1.86,-1.86,1.79,-1.79,1.49,-1.49,-2.25,.89,-.89,.73,-.73,];
y: [-2.81,-2.81,-2.92,-2.92,2.83,2.83,2.84,-.36,-.36,.18,.18,];
19.94
Fittest 280
x: [1.86,-1.86,1.79,-1.79,1.49,-1.49,-2.25,.89,-.89,.73,-.73,];
y: [-2.81,-2.81,-2.92,-2.92,2.83,2.83,2.84,-.36,-.36,.18,.18,];
19.94
Fittest 281
x: [1.86,-1.86,1.79,-1.79,1.49,-1.49,-2.25,.89,-.89,.73,-.73,];
y: [-2.81,-2.81,-2.92,-2.92,2.83,2.83,2.84,-.36,-.36,.18,.18,];
19.94
Fittest 282
x: [1.86,-1.86,1.79,-1.79,1.49,-1.49,-2.25,.89,-.89,.73,-.73,];
y: [-2.81,-2.81,-2.92,-2.92,2.83,2.83,2.84,-.36,-.36,.18,.18,];
19.94
Fittest 283
x: [1.86,-1.86,1.79,-1.79,1.49,-1.49,-2.25,.89,-.89,.73,-.73,];
y: [-2.81,-2.81,-2.92,-2.92,2.83,2.83,2.84,-.36,-.36,.18,.18,];
19.94
Fittest 284
x: [1.86,-1.86,1.79,-1.79,1.49,-1.49,-2.25,.89,-.89,.73,-.73,];
y: [-2.81,-2.81,-2.92,-2.92,2.83,2.83,2.84,-.36,-.36,.18,.18,];
19.94
Fittest 285
x: [1.86,-1.86,1.79,-1.79,1.49,-1.49,-2.25,.89,-.89,.73,-.73,];
y: [-2.81,-2.81,-2.92,-2.92,2.83,2.83,2.84,-.36,-.36,.18,.18,];
19.94
Fittest 286
x: [1.86,-1.86,1.79,-1.79,1.49,-1.49,-2.25,.89,-.89,.73,-.73,];
y: [-2.81,-2.81,-2.92,-2.92,2.83,2.83,2.84,-.36,-.36,.18,.18,];
19.94
Fittest 287
x: [1.86,-1.86,1.79,-1.79,1.49,-1.49,-2.25,.89,-.89,.73,-.73,];
y: [-2.81,-2.81,-2.92,-2.92,2.83,2.83,2.84,-.36,-.36,.18,.18,];
19.94
Fittest 288
x: [1.86,-1.86,1.79,-1.79,1.49,-1.49,-2.25,.89,-.89,.73,-.73,];
y: [-2.81,-2.81,-2.92,-2.92,2.83,2.83,2.84,-.36,-.36,.18,.18,];
19.94
Fittest 289
x: [1.86,-1.86,1.79,-1.79,1.49,-1.49,-2.25,.89,-.89,.73,-.73,];
y: [-2.81,-2.81,-2.92,-2.92,2.83,2.83,2.84,-.36,-.36,.18,.18,];
19.94
Fittest 290
x: [1.86,-1.86,1.79,-1.79,1.49,-1.49,-2.25,.89,-.89,.73,-.73,];
y: [-2.81,-2.81,-2.92,-2.92,2.83,2.83,2.84,-.36,-.36,.18,.18,];
19.94
Fittest 291
x: [1.86,-1.86,1.79,-1.79,1.49,-1.49,-2.25,.89,-.89,.73,-.73,];
y: [-2.81,-2.81,-2.92,-2.92,2.83,2.83,2.84,-.36,-.36,.18,.18,];
19.94
Fittest 292
x: [1.86,-1.86,1.79,-1.79,1.49,-1.49,-2.25,.89,-.89,.73,-.73,];
y: [-2.81,-2.81,-2.92,-2.92,2.83,2.83,2.84,-.36,-.36,.18,.18,];
19.94
Fittest 293
x: [1.86,-1.86,1.79,-1.79,1.49,-1.49,-2.25,.89,-.89,.73,-.73,];
y: [-2.81,-2.81,-2.92,-2.92,2.83,2.83,2.84,-.36,-.36,.18,.18,];
19.94
Fittest 294
x: [1.86,-1.86,1.79,-1.79,1.49,-1.49,-2.25,.89,-.89,.73,-.73,];
y: [-2.81,-2.81,-2.92,-2.92,2.83,2.83,2.84,-.36,-.36,.18,.18,];
19.94
Fittest 295
x: [1.86,-1.86,1.79,-1.79,1.49,-1.49,-2.25,.89,-.89,.73,-.73,];
y: [-2.81,-2.81,-2.92,-2.92,2.83,2.83,2.84,-.36,-.36,.18,.18,];
19.94
Fittest 296
x: [1.86,-1.86,1.79,-1.79,1.49,-1.49,-2.25,.89,-.89,.73,-.73,];
y: [-2.81,-2.81,-2.92,-2.92,2.83,2.83,2.84,-.36,-.36,.18,.18,];
19.94
Fittest 297
x: [1.86,-1.86,1.79,-1.79,1.49,-1.49,-2.25,.89,-.89,.73,-.73,];
y: [-2.81,-2.81,-2.92,-2.92,2.83,2.83,2.84,-.36,-.36,.18,.18,];
19.94
Fittest 298
x: [1.86,-1.86,1.79,-1.79,1.49,-1.49,-2.25,.89,-.89,.73,-.73,];
y: [-2.81,-2.81,-2.92,-2.92,2.83,2.83,2.84,-.36,-.36,.18,.18,];
19.94
Fittest 299
x: [1.86,-1.86,1.79,-1.79,1.49,-1.49,-2.25,.89,-.89,.73,-.73,];
y: [-2.81,-2.81,-2.92,-2.92,2.83,2.83,2.84,-.36,-.36,.18,.18,];
19.94
Fittest 300
x: [1.86,-1.86,1.79,-1.79,1.49,-1.49,-2.25,.89,-.89,.73,-.73,];
y: [-2.81,-2.81,-2.92,-2.92,2.83,2.83,2.84,-.36,-.36,.18,.18,];
19.94
Fittest 301
x: [1.86,-1.86,1.79,-1.79,1.49,-1.49,-2.25,.89,-.89,.73,-.73,];
y: [-2.81,-2.81,-2.92,-2.92,2.83,2.83,2.84,-.36,-.36,.18,.18,];
19.94
Fittest 302
x: [1.86,-1.86,1.79,-1.79,1.49,-1.49,-2.25,.89,-.89,.73,-.73,];
y: [-2.81,-2.81,-2.92,-2.92,2.83,2.83,2.84,-.36,-.36,.18,.18,];
19.94
Fittest 303
x: [1.86,-1.86,1.79,-1.79,1.49,-1.49,-2.25,.89,-.89,.73,-.73,];
y: [-2.81,-2.81,-2.92,-2.92,2.83,2.83,2.84,-.36,-.36,.18,.18,];
19.94
Fittest 304
x: [1.86,-1.86,1.79,-1.79,1.49,-1.49,-2.25,.89,-.89,.73,-.73,];
y: [-2.81,-2.81,-2.92,-2.92,2.83,2.83,2.84,-.36,-.36,.18,.18,];
19.94
Fittest 305
x: [1.86,-1.86,1.79,-1.79,1.49,-1.49,-2.25,.89,-.89,.73,-.73,];
y: [-2.81,-2.81,-2.92,-2.92,2.83,2.83,2.84,-.36,-.36,.18,.18,];
19.94
Fittest 306
x: [1.86,-1.86,1.79,-1.79,1.49,-1.49,-2.25,.89,-.89,.73,-.73,];
y: [-2.81,-2.81,-2.92,-2.92,2.83,2.83,2.84,-.36,-.36,.18,.18,];
19.94
Fittest 307
x: [1.86,-1.86,1.79,-1.79,1.49,-1.49,-2.25,.89,-.89,.73,-.73,];
y: [-2.81,-2.81,-2.92,-2.92,2.83,2.83,2.84,-.36,-.36,.18,.18,];
19.94
Fittest 308
x: [1.86,-1.86,1.79,-1.79,1.49,-1.49,-2.25,.89,-.89,.73,-.73,];
y: [-2.81,-2.81,-2.92,-2.92,2.83,2.83,2.84,-.36,-.36,.18,.18,];
19.94
Fittest 309
x: [1.86,-1.86,1.79,-1.79,1.49,-1.49,-2.25,.89,-.89,.73,-.73,];
y: [-2.81,-2.81,-2.92,-2.92,2.83,2.83,2.84,-.36,-.36,.18,.18,];
19.94
Fittest 310
x: [1.86,-1.86,1.79,-1.79,1.49,-1.49,-2.25,.89,-.89,.73,-.73,];
y: [-2.81,-2.81,-2.92,-2.92,2.83,2.83,2.84,-.36,-.36,.18,.18,];
19.94
Fittest 311
x: [1.86,-1.86,1.79,-1.79,1.49,-1.49,-2.25,.89,-.89,.73,-.73,];
y: [-2.81,-2.81,-2.92,-2.92,2.83,2.83,2.84,-.36,-.36,.18,.18,];
19.94
Fittest 312
x: [1.86,-1.86,1.79,-1.79,1.49,-1.49,-2.25,.89,-.89,.73,-.73,];
y: [-2.81,-2.81,-2.92,-2.92,2.83,2.83,2.84,-.36,-.36,.18,.18,];
19.94
Fittest 313
x: [1.86,-1.86,1.79,-1.79,1.49,-1.49,-2.25,.89,-.89,.73,-.73,];
y: [-2.81,-2.81,-2.92,-2.92,2.83,2.83,2.84,-.36,-.36,.18,.18,];
19.94
Fittest 314
x: [1.86,-1.86,1.79,-1.79,1.49,-1.49,-2.25,.89,-.89,.73,-.73,];
y: [-2.81,-2.81,-2.92,-2.92,2.83,2.83,2.84,-.36,-.36,.18,.18,];
19.94
Fittest 315
x: [1.86,-1.86,1.79,-1.79,1.49,-1.49,-2.25,.89,-.89,.73,-.73,];
y: [-2.81,-2.81,-2.92,-2.92,2.83,2.83,2.84,-.36,-.36,.18,.18,];
19.94
Fittest 316
x: [1.86,-1.86,1.79,-1.79,1.49,-1.49,-2.25,.89,-.89,.73,-.73,];
y: [-2.81,-2.81,-2.92,-2.92,2.83,2.83,2.84,-.36,-.36,.18,.18,];
19.94
Fittest 317
x: [1.86,-1.86,1.79,-1.79,1.49,-1.49,-2.25,.89,-.89,.73,-.73,];
y: [-2.81,-2.81,-2.92,-2.92,2.83,2.83,2.84,-.36,-.36,.18,.18,];
19.94
Fittest 318
x: [1.86,-1.86,1.79,-1.79,1.49,-1.49,-2.25,.89,-.89,.73,-.73,];
y: [-2.81,-2.81,-2.92,-2.92,2.83,2.83,2.84,-.36,-.36,.18,.18,];
19.94
Fittest 319
x: [1.86,-1.86,1.79,-1.79,1.49,-1.49,-2.25,.89,-.89,.73,-.73,];
y: [-2.81,-2.81,-2.92,-2.92,2.83,2.83,2.84,-.36,-.36,.18,.18,];
19.94
Fittest 320
x: [1.86,-1.86,1.79,-1.79,1.49,-1.49,-2.25,.89,-.89,.73,-.73,];
y: [-2.81,-2.81,-2.92,-2.92,2.83,2.83,2.84,-.36,-.36,.18,.18,];
19.94
Fittest 321
x: [1.86,-1.86,1.79,-1.79,1.49,-1.49,-2.25,.89,-.89,.73,-.73,];
y: [-2.81,-2.81,-2.92,-2.92,2.83,2.83,2.84,-.36,-.36,.18,.18,];
19.94
Fittest 322
x: [1.86,-1.86,1.79,-1.79,1.49,-1.49,-2.25,.89,-.89,.73,-.73,];
y: [-2.81,-2.81,-2.92,-2.92,2.83,2.83,2.84,-.36,-.36,.18,.18,];
19.94
Fittest 323
x: [1.86,-1.86,1.79,-1.79,1.49,-1.49,-2.25,.89,-.89,.73,-.73,];
y: [-2.81,-2.81,-2.92,-2.92,2.83,2.83,2.84,-.36,-.36,.18,.18,];
19.94
Fittest 324
x: [1.86,-1.86,1.79,-1.79,1.49,-1.49,-2.25,.89,-.89,.73,-.73,];
y: [-2.81,-2.81,-2.92,-2.92,2.83,2.83,2.84,-.36,-.36,.18,.18,];
19.94
Fittest 325
x: [1.86,-1.86,1.79,-1.79,1.49,-1.49,-2.25,.89,-.89,.73,-.73,];
y: [-2.81,-2.81,-2.92,-2.92,2.83,2.83,2.84,-.36,-.36,.18,.18,];
19.94
Fittest 326
x: [1.86,-1.86,1.79,-1.79,1.49,-1.49,-2.25,.89,-.89,.73,-.73,];
y: [-2.81,-2.81,-2.92,-2.92,2.83,2.83,2.84,-.36,-.36,.18,.18,];
19.94
Fittest 327
x: [1.86,-1.86,1.79,-1.79,1.49,-1.49,-2.25,.89,-.89,.73,-.73,];
y: [-2.81,-2.81,-2.92,-2.92,2.83,2.83,2.84,-.36,-.36,.18,.18,];
19.94
Fittest 328
x: [1.86,-1.86,1.79,-1.79,1.49,-1.49,-2.25,.89,-.89,.73,-.73,];
y: [-2.81,-2.81,-2.92,-2.92,2.83,2.83,2.84,-.36,-.36,.18,.18,];
19.94
Fittest 329
x: [1.86,-1.86,1.79,-1.79,1.49,-1.49,-2.25,.89,-.89,.73,-.73,];
y: [-2.81,-2.81,-2.92,-2.92,2.83,2.83,2.84,-.36,-.36,.18,.18,];
19.94
Fittest 330
x: [1.86,-1.86,1.76,-1.76,1.49,-1.49,-2.25,.89,-.89,.73,-.73,];
y: [-2.81,-2.81,-2.95,-2.95,2.83,2.83,2.84,-.36,-.36,.18,.18,];
19.94
Fittest 331
x: [1.86,-1.86,1.76,-1.76,1.49,-1.49,-2.25,.89,-.89,.73,-.73,];
y: [-2.81,-2.81,-2.95,-2.95,2.83,2.83,2.84,-.36,-.36,.18,.18,];
19.94
Fittest 332
x: [1.86,-1.86,1.76,-1.76,1.49,-1.49,-2.25,.89,-.89,.73,-.73,];
y: [-2.81,-2.81,-2.95,-2.95,2.83,2.83,2.84,-.36,-.36,.18,.18,];
19.94
Fittest 333
x: [1.86,-1.86,1.76,-1.76,1.49,-1.49,-2.25,.89,-.89,.73,-.73,];
y: [-2.81,-2.81,-2.95,-2.95,2.83,2.83,2.84,-.36,-.36,.18,.18,];
19.94
Fittest 334
x: [1.86,-1.86,1.76,-1.76,1.49,-1.49,-2.25,.89,-.89,.73,-.73,];
y: [-2.81,-2.81,-2.95,-2.95,2.83,2.83,2.84,-.36,-.36,.18,.18,];
19.94
Fittest 335
x: [1.86,-1.86,1.76,-1.76,1.49,-1.49,-2.25,.89,-.89,.73,-.73,];
y: [-2.81,-2.81,-2.95,-2.95,2.83,2.83,2.84,-.36,-.36,.18,.18,];
19.94
Fittest 336
x: [1.86,-1.86,1.76,-1.76,1.49,-1.49,-2.25,.89,-.89,.73,-.73,];
y: [-2.81,-2.81,-2.95,-2.95,2.83,2.83,2.84,-.36,-.36,.18,.18,];
19.94
Fittest 337
x: [1.86,-1.86,1.76,-1.76,1.49,-1.49,-2.25,.89,-.89,.73,-.73,];
y: [-2.81,-2.81,-2.95,-2.95,2.83,2.83,2.84,-.36,-.36,.18,.18,];
19.94
Fittest 338
x: [1.86,-1.86,1.76,-1.76,1.49,-1.49,-2.25,.89,-.89,.73,-.73,];
y: [-2.81,-2.81,-2.95,-2.95,2.83,2.83,2.84,-.36,-.36,.18,.18,];
19.94
Fittest 339
x: [1.86,-1.86,1.76,-1.76,1.49,-1.49,-2.25,.89,-.89,.73,-.73,];
y: [-2.81,-2.81,-2.95,-2.95,2.83,2.83,2.84,-.36,-.36,.18,.18,];
19.94
Fittest 340
x: [1.86,-1.86,1.76,-1.76,1.49,-1.49,-2.25,.89,-.89,.73,-.73,];
y: [-2.81,-2.81,-2.95,-2.95,2.83,2.83,2.84,-.36,-.36,.18,.18,];
19.94
Fittest 341
x: [1.86,-1.86,1.76,-1.76,1.49,-1.49,-2.25,.89,-.89,.73,-.73,];
y: [-2.81,-2.81,-2.95,-2.95,2.83,2.83,2.84,-.36,-.36,.18,.18,];
19.94
Fittest 342
x: [1.86,-1.86,1.76,-1.76,1.49,-1.49,-2.25,.89,-.89,.73,-.73,];
y: [-2.81,-2.81,-2.95,-2.95,2.83,2.83,2.84,-.36,-.36,.18,.18,];
19.94
Fittest 343
x: [1.86,-1.86,1.76,-1.76,1.49,-1.49,-2.25,.89,-.89,.73,-.73,];
y: [-2.81,-2.81,-2.95,-2.95,2.83,2.83,2.84,-.36,-.36,.18,.18,];
19.94
Fittest 344
x: [1.86,-1.86,1.76,-1.76,1.49,-1.49,-2.25,.89,-.89,.73,-.73,];
y: [-2.81,-2.81,-2.95,-2.95,2.83,2.83,2.84,-.36,-.36,.18,.18,];
19.94
Fittest 345
x: [1.86,-1.86,1.76,-1.76,1.49,-1.49,-2.25,.89,-.89,.73,-.73,];
y: [-2.81,-2.81,-2.95,-2.95,2.83,2.83,2.84,-.36,-.36,.18,.18,];
19.94
Fittest 346
x: [1.86,-1.86,1.76,-1.76,1.49,-1.49,-2.25,.89,-.89,.73,-.73,];
y: [-2.81,-2.81,-2.95,-2.95,2.83,2.83,2.84,-.36,-.36,.18,.18,];
19.94
Fittest 347
x: [1.86,-1.86,1.76,-1.76,1.49,-1.49,-2.25,.89,-.89,.73,-.73,];
y: [-2.81,-2.81,-2.95,-2.95,2.83,2.83,2.84,-.36,-.36,.18,.18,];
19.94
Fittest 348
x: [1.86,-1.86,1.76,-1.76,1.49,-1.49,-2.25,.89,-.89,.73,-.73,];
y: [-2.81,-2.81,-2.95,-2.95,2.83,2.83,2.84,-.36,-.36,.18,.18,];
19.94
Fittest 349
x: [1.86,-1.86,1.76,-1.76,1.49,-1.49,-2.25,.89,-.89,.73,-.73,];
y: [-2.81,-2.81,-2.95,-2.95,2.83,2.83,2.84,-.36,-.36,.18,.18,];
19.94
Fittest 350
x: [1.86,-1.86,1.76,-1.76,1.49,-1.49,-2.25,.89,-.89,.73,-.73,];
y: [-2.81,-2.81,-2.95,-2.95,2.83,2.83,2.84,-.36,-.36,.18,.18,];
19.94
Fittest 351
x: [1.86,-1.86,1.76,-1.76,1.49,-1.49,-2.25,.89,-.89,.73,-.73,];
y: [-2.81,-2.81,-2.95,-2.95,2.83,2.83,2.84,-.36,-.36,.18,.18,];
19.94
Fittest 352
x: [1.86,-1.86,1.76,-1.76,1.49,-1.49,-2.25,.89,-.89,.73,-.73,];
y: [-2.81,-2.81,-2.95,-2.95,2.83,2.83,2.84,-.36,-.36,.18,.18,];
19.94
Fittest 353
x: [1.86,-1.86,1.76,-1.76,1.49,-1.49,-2.25,.89,-.89,.73,-.73,];
y: [-2.81,-2.81,-2.95,-2.95,2.83,2.83,2.84,-.36,-.36,.18,.18,];
19.94
Fittest 354
x: [1.86,-1.86,1.76,-1.76,1.49,-1.49,-2.25,.89,-.89,.73,-.73,];
y: [-2.81,-2.81,-2.95,-2.95,2.83,2.83,2.84,-.36,-.36,.18,.18,];
19.94
Fittest 355
x: [1.86,-1.86,1.76,-1.76,1.49,-1.49,-2.25,.89,-.89,.73,-.73,];
y: [-2.81,-2.81,-2.95,-2.95,2.83,2.83,2.84,-.36,-.36,.18,.18,];
19.94
Fittest 356
x: [1.86,-1.86,1.76,-1.76,1.49,-1.49,-2.25,.89,-.89,.73,-.73,];
y: [-2.81,-2.81,-2.95,-2.95,2.83,2.83,2.84,-.36,-.36,.18,.18,];
19.94
Fittest 357
x: [1.86,-1.86,1.76,-1.76,1.49,-1.49,-2.25,.89,-.89,.73,-.73,];
y: [-2.81,-2.81,-2.95,-2.95,2.83,2.83,2.84,-.36,-.36,.18,.18,];
19.94
Fittest 358
x: [1.86,-1.86,1.76,-1.76,1.49,-1.49,-2.25,.89,-.89,.73,-.73,];
y: [-2.81,-2.81,-2.95,-2.95,2.83,2.83,2.84,-.36,-.36,.18,.18,];
19.94
Fittest 359
x: [1.86,-1.86,1.76,-1.76,1.49,-1.49,-2.25,.89,-.89,.73,-.73,];
y: [-2.81,-2.81,-2.95,-2.95,2.83,2.83,2.84,-.36,-.36,.18,.18,];
19.94
Fittest 360
x: [1.86,-1.86,1.76,-1.76,1.49,-1.49,-2.25,.89,-.89,.73,-.73,];
y: [-2.81,-2.81,-2.95,-2.95,2.83,2.83,2.84,-.36,-.36,.18,.18,];
19.94
Fittest 361
x: [1.86,-1.86,1.76,-1.76,1.49,-1.49,-2.25,.89,-.89,.73,-.73,];
y: [-2.81,-2.81,-2.95,-2.95,2.83,2.83,2.84,-.36,-.36,.18,.18,];
19.94
Fittest 362
x: [1.86,-1.86,1.76,-1.76,1.49,-1.49,-2.25,.89,-.89,.73,-.73,];
y: [-2.81,-2.81,-2.95,-2.95,2.83,2.83,2.84,-.36,-.36,.18,.18,];
19.94
Fittest 363
x: [1.86,-1.86,1.76,-1.76,1.49,-1.49,-2.25,.89,-.89,.73,-.73,];
y: [-2.81,-2.81,-2.95,-2.95,2.83,2.83,2.84,-.36,-.36,.18,.18,];
19.94
Fittest 364
x: [1.86,-1.86,1.76,-1.76,1.49,-1.49,-2.25,.89,-.89,.73,-.73,];
y: [-2.81,-2.81,-2.95,-2.95,2.83,2.83,2.84,-.36,-.36,.18,.18,];
19.94
Fittest 365
x: [1.86,-1.86,1.76,-1.76,1.49,-1.49,-2.25,.89,-.89,.73,-.73,];
y: [-2.81,-2.81,-2.95,-2.95,2.83,2.83,2.84,-.36,-.36,.18,.18,];
19.94
Fittest 366
x: [1.86,-1.86,1.76,-1.76,1.49,-1.49,-2.25,.89,-.89,.73,-.73,];
y: [-2.81,-2.81,-2.95,-2.95,2.83,2.83,2.84,-.36,-.36,.18,.18,];
19.94
Fittest 367
x: [1.86,-1.86,1.76,-1.76,1.49,-1.49,-2.25,.89,-.89,.73,-.73,];
y: [-2.81,-2.81,-2.95,-2.95,2.83,2.83,2.84,-.36,-.36,.18,.18,];
19.94
Fittest 368
x: [1.86,-1.86,1.76,-1.76,1.49,-1.49,-2.25,.89,-.89,.73,-.73,];
y: [-2.81,-2.81,-2.95,-2.95,2.83,2.83,2.84,-.36,-.36,.18,.18,];
19.94
Fittest 369
x: [1.86,-1.86,1.76,-1.76,1.49,-1.49,-2.25,.89,-.89,.73,-.73,];
y: [-2.81,-2.81,-2.95,-2.95,2.83,2.83,2.84,-.36,-.36,.18,.18,];
19.94
Fittest 370
x: [1.86,-1.86,1.76,-1.76,1.49,-1.49,-2.25,.89,-.89,.73,-.73,];
y: [-2.81,-2.81,-2.95,-2.95,2.83,2.83,2.84,-.36,-.36,.18,.18,];
19.94
Fittest 371
x: [1.86,-1.86,1.76,-1.76,1.49,-1.49,-2.25,.89,-.89,.73,-.73,];
y: [-2.81,-2.81,-2.95,-2.95,2.83,2.83,2.84,-.36,-.36,.18,.18,];
19.94
Fittest 372
x: [1.86,-1.86,1.76,-1.76,1.49,-1.49,-2.25,.89,-.89,.73,-.73,];
y: [-2.81,-2.81,-2.95,-2.95,2.83,2.83,2.84,-.36,-.36,.18,.18,];
19.94
Fittest 373
x: [1.86,-1.86,1.76,-1.76,1.49,-1.49,-2.25,.89,-.89,.73,-.73,];
y: [-2.81,-2.81,-2.95,-2.95,2.83,2.83,2.84,-.36,-.36,.18,.18,];
19.94
Fittest 374
x: [1.86,-1.86,1.76,-1.76,1.49,-1.49,-2.25,.89,-.89,.73,-.73,];
y: [-2.81,-2.81,-2.95,-2.95,2.83,2.83,2.84,-.36,-.36,.18,.18,];
19.94
Fittest 375
x: [1.86,-1.86,1.76,-1.76,1.49,-1.49,-2.25,.89,-.89,.73,-.73,];
y: [-2.81,-2.81,-2.95,-2.95,2.83,2.83,2.84,-.36,-.36,.18,.18,];
19.94
Fittest 376
x: [1.91,-1.91,1.76,-1.76,1.49,-1.49,-2.25,.89,-.89,.73,-.73,];
y: [-2.8,-2.8,-2.95,-2.95,2.83,2.83,2.84,-.36,-.36,.18,.18,];
19.94
Fittest 377
x: [1.91,-1.91,1.76,-1.76,1.49,-1.49,-2.25,.89,-.89,.73,-.73,];
y: [-2.8,-2.8,-2.95,-2.95,2.83,2.83,2.84,-.36,-.36,.18,.18,];
19.94
Fittest 378
x: [1.91,-1.91,1.76,-1.76,1.49,-1.49,-2.25,.89,-.89,.73,-.73,];
y: [-2.8,-2.8,-2.95,-2.95,2.83,2.83,2.84,-.36,-.36,.18,.18,];
19.94
Fittest 379
x: [1.91,-1.91,1.76,-1.76,1.49,-1.49,-2.25,.89,-.89,.73,-.73,];
y: [-2.8,-2.8,-2.95,-2.95,2.83,2.83,2.84,-.36,-.36,.18,.18,];
19.94
Fittest 380
x: [1.91,-1.91,1.76,-1.76,1.49,-1.49,-2.25,.89,-.89,.73,-.73,];
y: [-2.8,-2.8,-2.95,-2.95,2.83,2.83,2.84,-.36,-.36,.18,.18,];
19.94
Fittest 381
x: [1.91,-1.91,1.76,-1.76,1.49,-1.49,-2.25,.89,-.89,.73,-.73,];
y: [-2.8,-2.8,-2.95,-2.95,2.83,2.83,2.84,-.36,-.36,.18,.18,];
19.94
Fittest 382
x: [1.91,-1.91,1.76,-1.76,1.49,-1.49,-2.25,.89,-.89,.73,-.73,];
y: [-2.8,-2.8,-2.95,-2.95,2.83,2.83,2.84,-.36,-.36,.18,.18,];
19.94
Fittest 383
x: [1.91,-1.91,1.76,-1.76,1.49,-1.49,-2.25,.89,-.89,.73,-.73,];
y: [-2.8,-2.8,-2.95,-2.95,2.83,2.83,2.84,-.36,-.36,.18,.18,];
19.94
Fittest 384
x: [1.91,-1.91,1.76,-1.76,1.49,-1.49,-2.25,.89,-.89,.73,-.73,];
y: [-2.8,-2.8,-2.95,-2.95,2.83,2.83,2.84,-.36,-.36,.18,.18,];
19.94
Fittest 385
x: [1.91,-1.91,1.76,-1.76,1.49,-1.49,-2.25,.89,-.89,.73,-.73,];
y: [-2.8,-2.8,-2.95,-2.95,2.83,2.83,2.84,-.36,-.36,.18,.18,];
19.94
Fittest 386
x: [1.83,-1.83,1.76,-1.76,1.49,-1.49,-2.25,.89,-.89,.73,-.73,];
y: [-2.87,-2.87,-2.95,-2.95,2.83,2.83,2.84,-.36,-.36,.18,.18,];
19.94
Fittest 387
x: [1.83,-1.83,1.76,-1.76,1.49,-1.49,-2.25,.89,-.89,.73,-.73,];
y: [-2.87,-2.87,-2.95,-2.95,2.83,2.83,2.84,-.36,-.36,.18,.18,];
19.94
Fittest 388
x: [1.83,-1.83,1.76,-1.76,1.49,-1.49,-2.25,.89,-.89,.73,-.73,];
y: [-2.87,-2.87,-2.95,-2.95,2.83,2.83,2.84,-.36,-.36,.18,.18,];
19.94
Fittest 389
x: [1.83,-1.83,1.76,-1.76,1.49,-1.49,-2.25,.89,-.89,.73,-.73,];
y: [-2.87,-2.87,-2.95,-2.95,2.83,2.83,2.84,-.36,-.36,.18,.18,];
19.94
Fittest 390
x: [1.83,-1.83,1.76,-1.76,1.49,-1.49,-2.25,.89,-.89,.73,-.73,];
y: [-2.87,-2.87,-2.95,-2.95,2.83,2.83,2.84,-.36,-.36,.18,.18,];
19.94
Fittest 391
x: [1.83,-1.83,1.76,-1.76,1.49,-1.49,-2.25,.89,-.89,.73,-.73,];
y: [-2.87,-2.87,-2.95,-2.95,2.83,2.83,2.84,-.36,-.36,.18,.18,];
19.94
Fittest 392
x: [1.83,-1.83,1.76,-1.76,1.49,-1.49,-2.25,.89,-.89,.73,-.73,];
y: [-2.87,-2.87,-2.95,-2.95,2.83,2.83,2.84,-.36,-.36,.18,.18,];
19.94
Fittest 393
x: [1.83,-1.83,1.76,-1.76,1.49,-1.49,-2.25,.89,-.89,.73,-.73,];
y: [-2.87,-2.87,-2.95,-2.95,2.83,2.83,2.84,-.36,-.36,.18,.18,];
19.94
Fittest 394
x: [1.83,-1.83,1.76,-1.76,1.49,-1.49,-2.25,.89,-.89,.73,-.73,];
y: [-2.87,-2.87,-2.95,-2.95,2.83,2.83,2.84,-.36,-.36,.18,.18,];
19.94
Fittest 395
x: [1.83,-1.83,1.76,-1.76,1.49,-1.49,-2.25,.89,-.89,.73,-.73,];
y: [-2.87,-2.87,-2.95,-2.95,2.83,2.83,2.84,-.36,-.36,.18,.18,];
19.94
Fittest 396
x: [1.83,-1.83,1.76,-1.76,1.49,-1.49,-2.25,.89,-.89,.73,-.73,];
y: [-2.87,-2.87,-2.95,-2.95,2.83,2.83,2.84,-.36,-.36,.18,.18,];
19.94
Fittest 397
x: [1.83,-1.83,1.76,-1.76,1.49,-1.49,-2.25,.89,-.89,.73,-.73,];
y: [-2.87,-2.87,-2.95,-2.95,2.83,2.83,2.84,-.36,-.36,.18,.18,];
19.94
Fittest 398
x: [1.83,-1.83,1.76,-1.76,1.49,-1.49,-2.25,.89,-.89,.73,-.73,];
y: [-2.87,-2.87,-2.95,-2.95,2.83,2.83,2.84,-.36,-.36,.18,.18,];
19.94
Fittest 399
x: [1.83,-1.83,1.76,-1.76,1.49,-1.49,-2.25,.89,-.89,.73,-.73,];
y: [-2.87,-2.87,-2.95,-2.95,2.83,2.83,2.84,-.36,-.36,.18,.18,];
19.94
Fittest 400
x: [1.83,-1.83,1.76,-1.76,1.49,-1.49,-2.25,.89,-.89,.73,-.73,];
y: [-2.87,-2.87,-2.95,-2.95,2.83,2.83,2.84,-.36,-.36,.18,.18,];
19.94
Fittest 401
x: [1.83,-1.83,1.76,-1.76,1.49,-1.49,-2.25,.89,-.89,.73,-.73,];
y: [-2.87,-2.87,-2.95,-2.95,2.83,2.83,2.84,-.36,-.36,.18,.18,];
19.94
Fittest 402
x: [1.83,-1.83,1.76,-1.76,1.49,-1.49,-2.25,.89,-.89,.73,-.73,];
y: [-2.87,-2.87,-2.95,-2.95,2.83,2.83,2.84,-.36,-.36,.18,.18,];
19.94
Fittest 403
x: [1.83,-1.83,1.76,-1.76,1.49,-1.49,-2.25,.89,-.89,.73,-.73,];
y: [-2.87,-2.87,-2.95,-2.95,2.83,2.83,2.84,-.36,-.36,.18,.18,];
19.94
Fittest 404
x: [1.83,-1.83,1.76,-1.76,1.49,-1.49,-2.25,.89,-.89,.73,-.73,];
y: [-2.87,-2.87,-2.95,-2.95,2.83,2.83,2.84,-.36,-.36,.18,.18,];
19.94
Fittest 405
x: [1.83,-1.83,1.76,-1.76,1.49,-1.49,-2.25,.89,-.89,.73,-.73,];
y: [-2.87,-2.87,-2.95,-2.95,2.83,2.83,2.84,-.36,-.36,.18,.18,];
19.94
Fittest 406
x: [1.83,-1.83,1.76,-1.76,1.49,-1.49,-2.25,.89,-.89,.73,-.73,];
y: [-2.87,-2.87,-2.95,-2.95,2.83,2.83,2.84,-.36,-.36,.18,.18,];
19.94
Fittest 407
x: [1.83,-1.83,1.76,-1.76,1.49,-1.49,-2.25,.89,-.89,.73,-.73,];
y: [-2.87,-2.87,-2.95,-2.95,2.83,2.83,2.84,-.36,-.36,.18,.18,];
19.94
Fittest 408
x: [1.83,-1.83,1.76,-1.76,1.49,-1.49,-2.25,.89,-.89,.73,-.73,];
y: [-2.87,-2.87,-2.95,-2.95,2.83,2.83,2.84,-.36,-.36,.18,.18,];
19.94
Fittest 409
x: [1.83,-1.83,1.76,-1.76,1.49,-1.49,-2.25,.89,-.89,.73,-.73,];
y: [-2.87,-2.87,-2.95,-2.95,2.83,2.83,2.84,-.36,-.36,.18,.18,];
19.94
Fittest 410
x: [1.83,-1.83,1.76,-1.76,1.49,-1.49,-2.25,.89,-.89,.73,-.73,];
y: [-2.87,-2.87,-2.95,-2.95,2.83,2.83,2.84,-.36,-.36,.18,.18,];
19.94
Fittest 411
x: [1.83,-1.83,1.76,-1.76,1.49,-1.49,-2.25,.89,-.89,.73,-.73,];
y: [-2.87,-2.87,-2.95,-2.95,2.83,2.83,2.84,-.36,-.36,.18,.18,];
19.94
Fittest 412
x: [1.83,-1.83,1.76,-1.76,1.49,-1.49,-2.25,.89,-.89,.73,-.73,];
y: [-2.87,-2.87,-2.95,-2.95,2.83,2.83,2.84,-.36,-.36,.18,.18,];
19.94
Fittest 413
x: [1.83,-1.83,1.76,-1.76,1.49,-1.49,-2.25,.89,-.89,.73,-.73,];
y: [-2.87,-2.87,-2.95,-2.95,2.83,2.83,2.84,-.36,-.36,.18,.18,];
19.94
Fittest 414
x: [1.83,-1.83,1.76,-1.76,1.49,-1.49,-2.25,.89,-.89,.73,-.73,];
y: [-2.87,-2.87,-2.95,-2.95,2.83,2.83,2.84,-.36,-.36,.18,.18,];
19.94
Fittest 415
x: [1.83,-1.83,1.76,-1.76,1.49,-1.49,-2.25,.89,-.89,.73,-.73,];
y: [-2.87,-2.87,-2.95,-2.95,2.83,2.83,2.84,-.36,-.36,.18,.18,];
19.94
Fittest 416
x: [1.83,-1.83,1.76,-1.76,1.49,-1.49,-2.25,.89,-.89,.73,-.73,];
y: [-2.87,-2.87,-2.95,-2.95,2.83,2.83,2.84,-.36,-.36,.18,.18,];
19.94
Fittest 417
x: [1.83,-1.83,1.76,-1.76,1.49,-1.49,-2.25,.89,-.89,.73,-.73,];
y: [-2.87,-2.87,-2.95,-2.95,2.83,2.83,2.84,-.36,-.36,.18,.18,];
19.94
Fittest 418
x: [1.83,-1.83,1.76,-1.76,1.49,-1.49,-2.25,.89,-.89,.73,-.73,];
y: [-2.87,-2.87,-2.95,-2.95,2.83,2.83,2.84,-.36,-.36,.18,.18,];
19.94
Fittest 419
x: [1.83,-1.83,1.76,-1.76,1.49,-1.49,-2.25,.89,-.89,.73,-.73,];
y: [-2.87,-2.87,-2.95,-2.95,2.83,2.83,2.84,-.36,-.36,.18,.18,];
19.94
Fittest 420
x: [1.83,-1.83,1.76,-1.76,1.49,-1.49,-2.25,.89,-.89,.73,-.73,];
y: [-2.87,-2.87,-2.95,-2.95,2.83,2.83,2.84,-.36,-.36,.18,.18,];
19.94
Fittest 421
x: [1.83,-1.83,1.76,-1.76,1.49,-1.49,-2.25,.89,-.89,.73,-.73,];
y: [-2.87,-2.87,-2.95,-2.95,2.83,2.83,2.84,-.36,-.36,.18,.18,];
19.94
Fittest 422
x: [1.83,-1.83,1.76,-1.76,1.49,-1.49,-2.25,.89,-.89,.73,-.73,];
y: [-2.87,-2.87,-2.95,-2.95,2.83,2.83,2.84,-.36,-.36,.18,.18,];
19.94
Fittest 423
x: [1.83,-1.83,1.76,-1.76,1.49,-1.49,-2.25,.89,-.89,.73,-.73,];
y: [-2.87,-2.87,-2.95,-2.95,2.83,2.83,2.84,-.36,-.36,.18,.18,];
19.94
Fittest 424
x: [1.83,-1.83,1.76,-1.76,1.49,-1.49,-2.25,.89,-.89,.73,-.73,];
y: [-2.87,-2.87,-2.95,-2.95,2.83,2.83,2.84,-.36,-.36,.18,.18,];
19.94
Fittest 425
x: [1.83,-1.83,1.76,-1.76,1.49,-1.49,-2.25,.89,-.89,.73,-.73,];
y: [-2.87,-2.87,-2.95,-2.95,2.83,2.83,2.84,-.36,-.36,.18,.18,];
19.94
Fittest 426
x: [1.83,-1.83,1.76,-1.76,1.49,-1.49,-2.25,.89,-.89,.73,-.73,];
y: [-2.87,-2.87,-2.95,-2.95,2.83,2.83,2.84,-.36,-.36,.18,.18,];
19.94
Fittest 427
x: [1.83,-1.83,1.76,-1.76,1.49,-1.49,-2.25,.89,-.89,.73,-.73,];
y: [-2.87,-2.87,-2.95,-2.95,2.83,2.83,2.84,-.36,-.36,.18,.18,];
19.94
Fittest 428
x: [1.83,-1.83,1.76,-1.76,1.49,-1.49,-2.25,.89,-.89,.73,-.73,];
y: [-2.87,-2.87,-2.95,-2.95,2.83,2.83,2.84,-.36,-.36,.18,.18,];
19.94
Fittest 429
x: [1.83,-1.83,1.76,-1.76,1.49,-1.49,-2.25,.89,-.89,.73,-.73,];
y: [-2.87,-2.87,-2.95,-2.95,2.83,2.83,2.84,-.36,-.36,.18,.18,];
19.94
Fittest 430
x: [1.83,-1.83,1.76,-1.76,1.49,-1.49,-2.25,.89,-.89,.73,-.73,];
y: [-2.87,-2.87,-2.95,-2.95,2.83,2.83,2.84,-.36,-.36,.18,.18,];
19.94
Fittest 431
x: [1.83,-1.83,1.76,-1.76,1.49,-1.49,-2.25,.89,-.89,.73,-.73,];
y: [-2.87,-2.87,-2.95,-2.95,2.83,2.83,2.84,-.36,-.36,.18,.18,];
19.94
Fittest 432
x: [1.83,-1.83,1.76,-1.76,1.49,-1.49,-2.25,.89,-.89,.73,-.73,];
y: [-2.87,-2.87,-2.95,-2.95,2.83,2.83,2.84,-.36,-.36,.18,.18,];
19.94
Fittest 433
x: [1.83,-1.83,1.76,-1.76,1.58,-1.58,-2.25,.89,-.89,.73,-.73,];
y: [-2.87,-2.87,-2.95,-2.95,2.78,2.78,2.84,-.36,-.36,.18,.18,];
19.94
Fittest 434
x: [1.83,-1.83,1.76,-1.76,1.58,-1.58,-2.25,.89,-.89,.73,-.73,];
y: [-2.87,-2.87,-2.95,-2.95,2.78,2.78,2.84,-.36,-.36,.18,.18,];
19.94
Fittest 435
x: [1.83,-1.83,1.76,-1.76,1.58,-1.58,-2.25,.89,-.89,.73,-.73,];
y: [-2.87,-2.87,-2.95,-2.95,2.78,2.78,2.84,-.36,-.36,.18,.18,];
19.94
Fittest 436
x: [1.83,-1.83,1.76,-1.76,1.58,-1.58,-2.25,.89,-.89,.73,-.73,];
y: [-2.87,-2.87,-2.95,-2.95,2.78,2.78,2.84,-.36,-.36,.18,.18,];
19.94
Fittest 437
x: [1.83,-1.83,1.76,-1.76,1.58,-1.58,-2.25,.89,-.89,.73,-.73,];
y: [-2.87,-2.87,-2.95,-2.95,2.78,2.78,2.84,-.36,-.36,.18,.18,];
19.94
