Fittest 0
x: [3.16,-3.16,.0,-.0,2.8,-2.8,.0,.64,-.64,.06,-.06,];
y: [1.84,1.84,-1.58,-1.58,-1.54,-1.54,.0,-.83,-.83,1.13,1.13,];
21.34
Fittest 1
x: [3.16,-3.16,.0,-.0,2.8,-2.8,.0,.64,-.64,.06,-.06,];
y: [1.84,1.84,-1.58,-1.58,-1.54,-1.54,.0,-.83,-.83,1.13,1.13,];
21.34
Fittest 2
x: [3.16,-3.16,.0,-.0,2.8,-2.8,.0,.64,-.64,.06,-.06,];
y: [1.84,1.84,-1.58,-1.58,-1.54,-1.54,.0,-.83,-.83,1.13,1.13,];
21.34
Fittest 3
x: [.32,-.32,.85,-.85,.75,-.75,.0,2.84,-2.84,2.92,-2.92,];
y: [1.09,1.09,-.95,-.95,.65,.65,.0,1.73,1.73,-.88,-.88,];
21.33
Fittest 4
x: [.32,-.32,.85,-.85,.75,-.75,.0,2.84,-2.84,2.92,-2.92,];
y: [1.09,1.09,-.95,-.95,.65,.65,.0,1.73,1.73,-.88,-.88,];
21.33
Fittest 5
x: [2.26,-2.26,1.98,-1.98,2.2,-2.2,.0,-.49,.49,.85,-.85,];
y: [.05,.05,-1.26,-1.26,1.72,1.72,.0,-.98,-.98,1.51,1.51,];
21.32
Fittest 6
x: [.32,-.32,-.67,.67,.75,-.75,.0,2.84,-2.84,2.92,-2.92,];
y: [1.09,1.09,-1.22,-1.22,.65,.65,.0,1.73,1.73,-.88,-.88,];
21.2
Fittest 7
x: [.32,-.32,.53,-.53,.75,-.75,.0,2.84,-2.84,2.92,-2.92,];
y: [1.09,1.09,-1.62,-1.62,.65,.65,-.93,1.73,1.73,-.88,-.88,];
21.08
Fittest 8
x: [.32,-.32,.53,-.53,.75,-.75,.0,2.84,-2.84,2.92,-2.92,];
y: [1.09,1.09,-1.62,-1.62,.65,.65,-.93,1.73,1.73,-.88,-.88,];
21.08
Fittest 9
x: [.32,-.32,.53,-.53,.75,-.75,.0,2.84,-2.84,2.92,-2.92,];
y: [1.09,1.09,-1.62,-1.62,.65,.65,-.93,1.73,1.73,-.88,-.88,];
21.08
Fittest 10
x: [.32,-.32,-.67,.67,.75,-.75,.0,2.84,-2.84,2.92,-2.92,];
y: [1.09,1.09,-1.22,-1.22,.65,.65,-1.43,1.73,1.73,-.88,-.88,];
21.06
Fittest 11
x: [.32,-.32,.53,-.53,.75,-.75,.0,2.84,-2.84,2.92,-2.92,];
y: [1.09,1.09,-1.62,-1.62,.65,.65,-1.85,1.73,1.73,-.88,-.88,];
21.04
Fittest 12
x: [.17,-.17,.53,-.53,.75,-.75,.0,2.84,-2.84,2.92,-2.92,];
y: [.88,.88,-1.62,-1.62,.65,.65,-.93,1.73,1.73,-.88,-.88,];
20.96
Fittest 13
x: [.17,-.17,.53,-.53,.75,-.75,.0,2.84,-2.84,2.92,-2.92,];
y: [.88,.88,-1.62,-1.62,.65,.65,-.93,1.73,1.73,-.88,-.88,];
20.96
Fittest 14
x: [.17,-.17,.53,-.53,.75,-.75,.0,2.84,-2.84,2.92,-2.92,];
y: [.88,.88,-1.62,-1.62,.65,.65,-.93,1.73,1.73,-.88,-.88,];
20.96
Fittest 15
x: [.17,-.17,.53,-.53,.75,-.75,.0,2.84,-2.84,2.92,-2.92,];
y: [.88,.88,-1.62,-1.62,.65,.65,-1.53,1.73,1.73,-.88,-.88,];
20.88
Fittest 16
x: [.17,-.17,.53,-.53,.75,-.75,.0,2.84,-2.84,2.92,-2.92,];
y: [.88,.88,-1.62,-1.62,.65,.65,-1.53,1.73,1.73,-.88,-.88,];
20.88
Fittest 17
x: [.17,-.17,.53,-.53,.75,-.75,.0,2.84,-2.84,2.92,-2.92,];
y: [.88,.88,-1.62,-1.62,.65,.65,-1.53,1.73,1.73,-.88,-.88,];
20.88
Fittest 18
x: [.17,-.17,.53,-.53,.75,-.75,.0,2.84,-2.84,2.92,-2.92,];
y: [.88,.88,-1.62,-1.62,.65,.65,-1.64,1.73,1.73,-.88,-.88,];
20.88
Fittest 19
x: [.17,-.17,.22,-.22,.75,-.75,.0,2.84,-2.84,2.92,-2.92,];
y: [.88,.88,-1.7,-1.7,.65,.65,-.93,1.73,1.73,-.88,-.88,];
20.83
Fittest 20
x: [.17,-.17,.22,-.22,.75,-.75,.0,2.84,-2.84,2.92,-2.92,];
y: [.88,.88,-1.7,-1.7,.65,.65,-.93,1.73,1.73,-.88,-.88,];
20.83
Fittest 21
x: [.17,-.17,.22,-.22,.75,-.75,.0,2.84,-2.84,2.92,-2.92,];
y: [.88,.88,-1.7,-1.7,.65,.65,-.93,1.73,1.73,-.88,-.88,];
20.83
Fittest 22
x: [.17,-.17,.22,-.22,.75,-.75,.0,2.84,-2.84,2.92,-2.92,];
y: [.88,.88,-1.7,-1.7,.65,.65,-.93,1.73,1.73,-.88,-.88,];
20.83
Fittest 23
x: [.17,-.17,.22,-.22,.75,-.75,.0,2.84,-2.84,2.92,-2.92,];
y: [.88,.88,-1.7,-1.7,.65,.65,-.93,1.73,1.73,-.88,-.88,];
20.83
Fittest 24
x: [.17,-.17,.22,-.22,.75,-.75,.0,2.84,-2.84,2.92,-2.92,];
y: [.88,.88,-1.7,-1.7,.65,.65,-.93,1.73,1.73,-.88,-.88,];
20.83
Fittest 25
x: [.17,-.17,.53,-.53,.75,-.75,.0,2.8,-2.8,2.92,-2.92,];
y: [.88,.88,-1.62,-1.62,.65,.65,-1.53,2.08,2.08,-.88,-.88,];
20.83
Fittest 26
x: [.17,-.17,.22,-.22,.75,-.75,.0,2.84,-2.84,2.92,-2.92,];
y: [.88,.88,-1.7,-1.7,.65,.65,-1.07,1.73,1.73,-.88,-.88,];
20.8
Fittest 27
x: [.17,-.17,.22,-.22,.75,-.75,.0,2.84,-2.84,2.92,-2.92,];
y: [.88,.88,-1.7,-1.7,.65,.65,-1.07,1.73,1.73,-.88,-.88,];
20.8
Fittest 28
x: [.17,-.17,.22,-.22,.75,-.75,.0,2.84,-2.84,2.92,-2.92,];
y: [.88,.88,-1.7,-1.7,.65,.65,-1.07,1.73,1.73,-.88,-.88,];
20.8
Fittest 29
x: [.17,-.17,.22,-.22,.75,-.75,.0,2.84,-2.84,2.92,-2.92,];
y: [.88,.88,-1.7,-1.7,.65,.65,-1.07,1.73,1.73,-.88,-.88,];
20.8
Fittest 30
x: [.17,-.17,.22,-.22,.75,-.75,.0,2.84,-2.84,2.92,-2.92,];
y: [.88,.88,-1.7,-1.7,.65,.65,-1.07,1.73,1.73,-.88,-.88,];
20.8
Fittest 31
x: [.17,-.17,.22,-.22,.75,-.75,.0,2.84,-2.84,2.92,-2.92,];
y: [.88,.88,-1.7,-1.7,.65,.65,-1.07,1.73,1.73,-.88,-.88,];
20.8
Fittest 32
x: [.17,-.17,.22,-.22,.75,-.75,.0,2.84,-2.84,2.92,-2.92,];
y: [.88,.88,-1.7,-1.7,.65,.65,-1.07,1.73,1.73,-.88,-.88,];
20.8
Fittest 33
x: [.17,-.17,.22,-.22,.75,-.75,.0,2.84,-2.84,2.92,-2.92,];
y: [.88,.88,-1.7,-1.7,.65,.65,-1.07,1.73,1.73,-.88,-.88,];
20.8
Fittest 34
x: [.17,-.17,.22,-.22,.75,-.75,.0,2.64,-2.64,2.92,-2.92,];
y: [.88,.88,-1.7,-1.7,.65,.65,-.93,2.05,2.05,-.88,-.88,];
20.77
Fittest 35
x: [.17,-.17,.22,-.22,.75,-.75,.0,2.64,-2.64,2.92,-2.92,];
y: [.88,.88,-1.7,-1.7,.65,.65,-.93,2.05,2.05,-.88,-.88,];
20.77
Fittest 36
x: [.17,-.17,.22,-.22,.75,-.75,.0,2.84,-2.84,2.92,-2.92,];
y: [.88,.88,-1.7,-1.7,.65,.65,-2.02,2.35,2.35,-.88,-.88,];
20.77
Fittest 37
x: [.17,-.17,.22,-.22,.75,-.75,.0,2.84,-2.84,2.92,-2.92,];
y: [.88,.88,-1.7,-1.7,.65,.65,-1.74,2.35,2.35,-.88,-.88,];
20.76
Fittest 38
x: [.21,-.21,.22,-.22,.75,-.75,.0,2.64,-2.64,2.92,-2.92,];
y: [.74,.74,-1.7,-1.7,.65,.65,-.93,2.05,2.05,-.88,-.88,];
20.72
Fittest 39
x: [.21,-.21,.22,-.22,.75,-.75,.0,2.64,-2.64,2.92,-2.92,];
y: [.74,.74,-1.7,-1.7,.65,.65,-.93,2.05,2.05,-.88,-.88,];
20.72
Fittest 40
x: [.21,-.21,.22,-.22,.75,-.75,.0,2.64,-2.64,2.92,-2.92,];
y: [.74,.74,-1.7,-1.7,.65,.65,-.93,2.05,2.05,-.88,-.88,];
20.72
Fittest 41
x: [.21,-.21,.22,-.22,.75,-.75,.0,2.64,-2.64,2.92,-2.92,];
y: [.74,.74,-1.7,-1.7,.65,.65,-.93,2.05,2.05,-.88,-.88,];
20.72
Fittest 42
x: [.21,-.21,.22,-.22,.75,-.75,.0,2.64,-2.64,2.92,-2.92,];
y: [.74,.74,-1.7,-1.7,.65,.65,-.93,2.05,2.05,-.88,-.88,];
20.72
Fittest 43
x: [.21,-.21,.22,-.22,.75,-.75,.0,2.64,-2.64,2.92,-2.92,];
y: [.74,.74,-1.7,-1.7,.65,.65,-.93,2.05,2.05,-.88,-.88,];
20.72
Fittest 44
x: [-.16,.16,.22,-.22,.75,-.75,.0,2.64,-2.64,2.92,-2.92,];
y: [.67,.67,-1.7,-1.7,.65,.65,-.93,2.05,2.05,-.88,-.88,];
20.71
Fittest 45
x: [-.16,.16,.22,-.22,.75,-.75,.0,2.64,-2.64,2.92,-2.92,];
y: [.67,.67,-1.7,-1.7,.65,.65,-.93,2.05,2.05,-.88,-.88,];
20.71
Fittest 46
x: [-.16,.16,.22,-.22,.75,-.75,.0,2.64,-2.64,2.92,-2.92,];
y: [.67,.67,-1.7,-1.7,.65,.65,-.93,2.05,2.05,-.88,-.88,];
20.71
Fittest 47
x: [-.16,.16,.22,-.22,.75,-.75,.0,2.64,-2.64,2.92,-2.92,];
y: [.67,.67,-1.7,-1.7,.65,.65,-.93,2.05,2.05,-.88,-.88,];
20.71
Fittest 48
x: [-.16,.16,.22,-.22,.75,-.75,.0,2.64,-2.64,2.92,-2.92,];
y: [.67,.67,-1.7,-1.7,.65,.65,-.93,2.05,2.05,-.88,-.88,];
20.71
Fittest 49
x: [-.16,.16,.22,-.22,.75,-.75,.0,2.64,-2.64,2.92,-2.92,];
y: [.67,.67,-1.7,-1.7,.65,.65,-.93,2.05,2.05,-.88,-.88,];
20.71
Fittest 50
x: [.21,-.21,.22,-.22,.7,-.7,.0,2.64,-2.64,2.92,-2.92,];
y: [.74,.74,-1.7,-1.7,.66,.66,-.93,2.05,2.05,-.88,-.88,];
20.69
Fittest 51
x: [.21,-.21,.22,-.22,.7,-.7,.0,2.64,-2.64,2.92,-2.92,];
y: [.74,.74,-1.7,-1.7,.66,.66,-.93,2.05,2.05,-.88,-.88,];
20.69
Fittest 52
x: [.21,-.21,.22,-.22,.7,-.7,.0,2.64,-2.64,2.92,-2.92,];
y: [.74,.74,-1.7,-1.7,.66,.66,-.93,2.05,2.05,-.88,-.88,];
20.69
Fittest 53
x: [.21,-.21,.22,-.22,.7,-.7,.0,2.64,-2.64,2.92,-2.92,];
y: [.74,.74,-1.7,-1.7,.66,.66,-.93,2.05,2.05,-.88,-.88,];
20.69
Fittest 54
x: [.21,-.21,.05,-.05,.7,-.7,.0,2.64,-2.64,2.92,-2.92,];
y: [.74,.74,-.9,-.9,.66,.66,-.93,2.05,2.05,-.88,-.88,];
20.65
Fittest 55
x: [.21,-.21,.05,-.05,.7,-.7,.0,2.64,-2.64,2.92,-2.92,];
y: [.74,.74,-.9,-.9,.66,.66,-.93,2.05,2.05,-.88,-.88,];
20.65
Fittest 56
x: [.21,-.21,.05,-.05,.7,-.7,.0,2.64,-2.64,2.92,-2.92,];
y: [.74,.74,-.9,-.9,.66,.66,-.93,2.05,2.05,-.88,-.88,];
20.65
Fittest 57
x: [.21,-.21,.05,-.05,.7,-.7,.0,2.64,-2.64,2.92,-2.92,];
y: [.74,.74,-.9,-.9,.66,.66,-.93,2.05,2.05,-.88,-.88,];
20.65
Fittest 58
x: [.21,-.21,.05,-.05,.7,-.7,.0,2.64,-2.64,2.92,-2.92,];
y: [.74,.74,-.9,-.9,.66,.66,-.93,2.05,2.05,-.88,-.88,];
20.65
Fittest 59
x: [.21,-.21,.05,-.05,.7,-.7,.0,2.64,-2.64,2.92,-2.92,];
y: [.74,.74,-.9,-.9,.66,.66,-.93,2.05,2.05,-.88,-.88,];
20.65
Fittest 60
x: [.21,-.21,.05,-.05,.7,-.7,.0,2.64,-2.64,2.92,-2.92,];
y: [.74,.74,-.9,-.9,.66,.66,-1.36,2.05,2.05,-.88,-.88,];
20.63
Fittest 61
x: [.21,-.21,.05,-.05,-.52,.52,.0,2.64,-2.64,2.92,-2.92,];
y: [.74,.74,-.9,-.9,.23,.23,-.93,2.05,2.05,-.88,-.88,];
20.51
Fittest 62
x: [.21,-.21,.05,-.05,-.52,.52,.0,2.64,-2.64,2.92,-2.92,];
y: [.74,.74,-.9,-.9,.23,.23,-.93,2.05,2.05,-.88,-.88,];
20.51
Fittest 63
x: [.21,-.21,.05,-.05,-.52,.52,.0,2.64,-2.64,2.92,-2.92,];
y: [.74,.74,-.9,-.9,.23,.23,-.93,2.05,2.05,-.88,-.88,];
20.51
Fittest 64
x: [.21,-.21,.05,-.05,-.52,.52,.0,2.64,-2.64,2.92,-2.92,];
y: [.74,.74,-.9,-.9,.23,.23,-.93,2.05,2.05,-.88,-.88,];
20.51
Fittest 65
x: [.21,-.21,.05,-.05,-.52,.52,.0,2.64,-2.64,2.92,-2.92,];
y: [.74,.74,-.9,-.9,.23,.23,-.93,2.05,2.05,-.88,-.88,];
20.51
Fittest 66
x: [.21,-.21,.05,-.05,-.52,.52,.0,2.64,-2.64,2.92,-2.92,];
y: [.74,.74,-.9,-.9,.23,.23,-.93,2.05,2.05,-.88,-.88,];
20.51
Fittest 67
x: [.21,-.21,.05,-.05,-.52,.52,.0,2.64,-2.64,2.92,-2.92,];
y: [.74,.74,-.9,-.9,.23,.23,-.93,2.05,2.05,-.88,-.88,];
20.51
Fittest 68
x: [.21,-.21,.05,-.05,-.52,.52,.0,2.64,-2.64,3.02,-3.02,];
y: [.74,.74,-.9,-.9,.23,.23,-.93,2.05,2.05,-.89,-.89,];
20.38
Fittest 69
x: [.21,-.21,.05,-.05,-.52,.52,.0,2.64,-2.64,3.02,-3.02,];
y: [.74,.74,-.9,-.9,.23,.23,-.93,2.05,2.05,-.89,-.89,];
20.38
Fittest 70
x: [.21,-.21,.05,-.05,-.52,.52,.0,2.64,-2.64,3.02,-3.02,];
y: [.74,.74,-.9,-.9,.23,.23,-.93,2.05,2.05,-.89,-.89,];
20.38
Fittest 71
x: [.21,-.21,.05,-.05,.7,-.7,.0,2.64,-2.64,2.64,-2.64,];
y: [.74,.74,-.9,-.9,.66,.66,-.93,2.05,2.05,-1.4,-1.4,];
20.23
Fittest 72
x: [.21,-.21,.05,-.05,.7,-.7,.0,2.64,-2.64,2.64,-2.64,];
y: [.74,.74,-.9,-.9,.66,.66,-.93,2.05,2.05,-1.4,-1.4,];
20.23
Fittest 73
x: [.21,-.21,.05,-.05,.61,-.61,.0,2.64,-2.64,2.92,-2.92,];
y: [.74,.74,-.9,-.9,.51,.51,-.93,2.05,2.05,-.88,-.88,];
20.0
Fittest 74
x: [.21,-.21,.05,-.05,-.52,.52,.0,2.64,-2.64,3.06,-3.06,];
y: [.74,.74,-.9,-.9,.23,.23,-.93,2.05,2.05,-1.49,-1.49,];
19.93
Fittest 75
x: [.21,-.21,.05,-.05,-.52,.52,.0,2.64,-2.64,3.06,-3.06,];
y: [.74,.74,-.9,-.9,.23,.23,-.93,2.05,2.05,-1.49,-1.49,];
19.93
Fittest 76
x: [.21,-.21,.05,-.05,-.52,.52,.0,2.64,-2.64,3.06,-3.06,];
y: [.74,.74,-.9,-.9,.23,.23,-.93,2.05,2.05,-1.49,-1.49,];
19.93
Fittest 77
x: [.21,-.21,.05,-.05,-.52,.52,.0,2.64,-2.64,3.06,-3.06,];
y: [.74,.74,-.9,-.9,.23,.23,-.93,2.05,2.05,-1.49,-1.49,];
19.93
Fittest 78
x: [.21,-.21,.05,-.05,-.52,.52,.0,2.64,-2.64,3.06,-3.06,];
y: [.74,.74,-.9,-.9,.23,.23,-.93,2.05,2.05,-1.49,-1.49,];
19.93
Fittest 79
x: [.21,-.21,.05,-.05,-.52,.52,.0,2.64,-2.64,3.06,-3.06,];
y: [.74,.74,-.9,-.9,.23,.23,-.93,2.05,2.05,-1.49,-1.49,];
19.93
Fittest 80
x: [.21,-.21,.05,-.05,-.52,.52,.0,2.64,-2.64,3.06,-3.06,];
y: [.74,.74,-.9,-.9,.23,.23,-.94,2.05,2.05,-1.49,-1.49,];
19.93
Fittest 81
x: [.21,-.21,.05,-.05,-.52,.52,.0,2.64,-2.64,3.06,-3.06,];
y: [.74,.74,-.9,-.9,.23,.23,-.94,2.05,2.05,-1.49,-1.49,];
19.93
Fittest 82
x: [.21,-.21,.05,-.05,-.52,.52,.0,2.64,-2.64,3.06,-3.06,];
y: [.74,.74,-.9,-.9,.23,.23,-.94,2.05,2.05,-1.49,-1.49,];
19.93
Fittest 83
x: [.21,-.21,.05,-.05,-.52,.52,.0,2.64,-2.64,3.06,-3.06,];
y: [.74,.74,-.9,-.9,.23,.23,-.94,2.05,2.05,-1.49,-1.49,];
19.93
Fittest 84
x: [.21,-.21,.05,-.05,-.52,.52,.0,2.64,-2.64,3.06,-3.06,];
y: [.74,.74,-.9,-.9,.23,.23,-.94,2.05,2.05,-1.49,-1.49,];
19.93
Fittest 85
x: [.21,-.21,.05,-.05,-.52,.52,.0,2.64,-2.64,3.06,-3.06,];
y: [.74,.74,-.9,-.9,.23,.23,-.94,2.05,2.05,-1.49,-1.49,];
19.93
Fittest 86
x: [.21,-.21,.05,-.05,-.52,.52,.0,2.64,-2.64,3.06,-3.06,];
y: [.74,.74,-.9,-.9,.23,.23,-.95,2.05,2.05,-1.49,-1.49,];
19.93
Fittest 87
x: [.21,-.21,.05,-.05,-.52,.52,.0,2.64,-2.64,3.06,-3.06,];
y: [.74,.74,-.9,-.9,.23,.23,-.95,2.05,2.05,-1.49,-1.49,];
19.93
Fittest 88
x: [.21,-.21,.05,-.05,-.52,.52,.0,2.64,-2.64,3.06,-3.06,];
y: [.74,.74,-.9,-.9,.23,.23,-.95,2.05,2.05,-1.49,-1.49,];
19.93
Fittest 89
x: [.21,-.21,.05,-.05,-.52,.52,.0,2.64,-2.64,3.06,-3.06,];
y: [.74,.74,-.9,-.9,.23,.23,-.95,2.05,2.05,-1.49,-1.49,];
19.93
Fittest 90
x: [.21,-.21,.05,-.05,-.52,.52,.0,2.64,-2.64,3.06,-3.06,];
y: [.74,.74,-.9,-.9,.23,.23,-.95,2.05,2.05,-1.49,-1.49,];
19.93
Fittest 91
x: [.21,-.21,.05,-.05,-.52,.52,.0,2.64,-2.64,3.06,-3.06,];
y: [.74,.74,-.9,-.9,.23,.23,-.95,2.05,2.05,-1.49,-1.49,];
19.93
Fittest 92
x: [.21,-.21,.05,-.05,-.52,.52,.0,2.64,-2.64,3.06,-3.06,];
y: [.74,.74,-.9,-.9,.23,.23,-.95,2.05,2.05,-1.49,-1.49,];
19.93
Fittest 93
x: [.21,-.21,.05,-.05,-.52,.52,.0,2.64,-2.64,3.06,-3.06,];
y: [.74,.74,-.9,-.9,.23,.23,-.95,2.05,2.05,-1.49,-1.49,];
19.93
Fittest 94
x: [.21,-.21,.05,-.05,-.52,.52,.0,2.64,-2.64,3.06,-3.06,];
y: [.74,.74,-.9,-.9,.23,.23,-.95,2.05,2.05,-1.49,-1.49,];
19.93
Fittest 95
x: [.21,-.21,.05,-.05,-.52,.52,.0,2.64,-2.64,3.06,-3.06,];
y: [.74,.74,-.9,-.9,.23,.23,-.95,2.05,2.05,-1.49,-1.49,];
19.93
Fittest 96
x: [.21,-.21,.05,-.05,-.52,.52,.0,2.64,-2.64,3.06,-3.06,];
y: [.74,.74,-.9,-.9,.23,.23,-.95,2.05,2.05,-1.49,-1.49,];
19.93
Fittest 97
x: [.21,-.21,.05,-.05,-.52,.52,.0,2.64,-2.64,3.06,-3.06,];
y: [.74,.74,-.9,-.9,.23,.23,-.95,2.05,2.05,-1.49,-1.49,];
19.93
Fittest 98
x: [.21,-.21,.05,-.05,-.52,.52,.0,2.64,-2.64,3.06,-3.06,];
y: [.74,.74,-.9,-.9,.23,.23,-.95,2.05,2.05,-1.49,-1.49,];
19.93
Fittest 99
x: [.21,-.21,.05,-.05,-.52,.52,.0,2.64,-2.64,3.06,-3.06,];
y: [.74,.74,-.9,-.9,.23,.23,-.95,2.05,2.05,-1.49,-1.49,];
19.93
Fittest 100
x: [.21,-.21,.05,-.05,-.52,.52,.0,2.64,-2.64,3.06,-3.06,];
y: [.74,.74,-.9,-.9,.23,.23,-.95,2.05,2.05,-1.49,-1.49,];
19.93
Fittest 101
x: [.21,-.21,.05,-.05,-.52,.52,.0,2.64,-2.64,3.06,-3.06,];
y: [.74,.74,-.9,-.9,.23,.23,-.95,2.05,2.05,-1.49,-1.49,];
19.93
Fittest 102
x: [.21,-.21,.05,-.05,-.52,.52,.0,2.64,-2.64,3.06,-3.06,];
y: [.74,.74,-.9,-.9,.23,.23,-.95,2.05,2.05,-1.49,-1.49,];
19.93
Fittest 103
x: [.21,-.21,.05,-.05,-.52,.52,.0,2.64,-2.64,3.06,-3.06,];
y: [.74,.74,-.9,-.9,.23,.23,-.95,2.05,2.05,-1.49,-1.49,];
19.93
Fittest 104
x: [.08,-.08,.05,-.05,-.52,.52,.0,2.64,-2.64,3.06,-3.06,];
y: [.75,.75,-.9,-.9,.23,.23,-.95,2.05,2.05,-1.49,-1.49,];
19.92
Fittest 105
x: [.08,-.08,.05,-.05,-.52,.52,.0,2.64,-2.64,3.06,-3.06,];
y: [.75,.75,-.9,-.9,.23,.23,-.95,2.05,2.05,-1.49,-1.49,];
19.92
Fittest 106
x: [.08,-.08,.05,-.05,-.52,.52,.0,2.64,-2.64,3.06,-3.06,];
y: [.75,.75,-.9,-.9,.23,.23,-.95,2.05,2.05,-1.49,-1.49,];
19.92
Fittest 107
x: [.08,-.08,.05,-.05,-.52,.52,.0,2.64,-2.64,3.06,-3.06,];
y: [.75,.75,-.9,-.9,.23,.23,-.95,2.05,2.05,-1.49,-1.49,];
19.92
Fittest 108
x: [.08,-.08,.05,-.05,-.52,.52,.0,2.64,-2.64,3.06,-3.06,];
y: [.75,.75,-.9,-.9,.23,.23,-.95,2.05,2.05,-1.49,-1.49,];
19.92
Fittest 109
x: [.08,-.08,.05,-.05,-.52,.52,.0,2.64,-2.64,3.06,-3.06,];
y: [.75,.75,-.9,-.9,.23,.23,-.95,2.05,2.05,-1.49,-1.49,];
19.92
Fittest 110
x: [.08,-.08,.05,-.05,-.52,.52,.0,2.64,-2.64,3.06,-3.06,];
y: [.75,.75,-.9,-.9,.23,.23,-.95,2.05,2.05,-1.49,-1.49,];
19.92
Fittest 111
x: [.08,-.08,.05,-.05,-.52,.52,.0,2.64,-2.64,3.06,-3.06,];
y: [.75,.75,-.9,-.9,.23,.23,-.95,2.05,2.05,-1.49,-1.49,];
19.92
Fittest 112
x: [.08,-.08,.05,-.05,-.52,.52,.0,2.64,-2.64,3.06,-3.06,];
y: [.75,.75,-.9,-.9,.23,.23,-.95,2.05,2.05,-1.49,-1.49,];
19.92
Fittest 113
x: [.08,-.08,.05,-.05,-.52,.52,.0,2.64,-2.64,3.06,-3.06,];
y: [.75,.75,-.9,-.9,.23,.23,-.95,2.05,2.05,-1.49,-1.49,];
19.92
Fittest 114
x: [.08,-.08,.05,-.05,-.52,.52,.0,2.64,-2.64,3.06,-3.06,];
y: [.75,.75,-.9,-.9,.23,.23,-.95,2.05,2.05,-1.49,-1.49,];
19.92
Fittest 115
x: [.08,-.08,.05,-.05,-.52,.52,.0,2.64,-2.64,3.06,-3.06,];
y: [.75,.75,-.9,-.9,.23,.23,-.95,2.05,2.05,-1.49,-1.49,];
19.92
Fittest 116
x: [.08,-.08,.05,-.05,-.52,.52,.0,2.64,-2.64,3.06,-3.06,];
y: [.75,.75,-.9,-.9,.23,.23,-.95,2.05,2.05,-1.49,-1.49,];
19.92
Fittest 117
x: [.06,-.06,.05,-.05,-.52,.52,.0,2.64,-2.64,3.06,-3.06,];
y: [.77,.77,-.9,-.9,.23,.23,-.95,2.05,2.05,-1.49,-1.49,];
19.92
Fittest 118
x: [.06,-.06,.05,-.05,-.52,.52,.0,2.64,-2.64,3.06,-3.06,];
y: [.77,.77,-.9,-.9,.23,.23,-.95,2.05,2.05,-1.49,-1.49,];
19.92
Fittest 119
x: [.06,-.06,.05,-.05,-.52,.52,.0,2.64,-2.64,3.06,-3.06,];
y: [.77,.77,-.9,-.9,.23,.23,-.95,2.05,2.05,-1.49,-1.49,];
19.92
Fittest 120
x: [.06,-.06,.05,-.05,-.52,.52,.0,2.64,-2.64,3.06,-3.06,];
y: [.77,.77,-.9,-.9,.23,.23,-.95,2.05,2.05,-1.49,-1.49,];
19.92
Fittest 121
x: [.06,-.06,.05,-.05,-.52,.52,.0,2.64,-2.64,3.06,-3.06,];
y: [.77,.77,-.9,-.9,.23,.23,-.95,2.05,2.05,-1.49,-1.49,];
19.92
Fittest 122
x: [.06,-.06,.05,-.05,-.52,.52,.0,2.64,-2.64,3.06,-3.06,];
y: [.77,.77,-.9,-.9,.23,.23,-.95,2.05,2.05,-1.49,-1.49,];
19.92
Fittest 123
x: [.06,-.06,.05,-.05,-.52,.52,.0,2.64,-2.64,3.06,-3.06,];
y: [.77,.77,-.9,-.9,.23,.23,-.95,2.05,2.05,-1.49,-1.49,];
19.92
Fittest 124
x: [.06,-.06,.05,-.05,-.52,.52,.0,2.64,-2.64,3.06,-3.06,];
y: [.77,.77,-.9,-.9,.23,.23,-.95,2.05,2.05,-1.49,-1.49,];
19.92
Fittest 125
x: [.06,-.06,.05,-.05,-.52,.52,.0,2.64,-2.64,3.06,-3.06,];
y: [.77,.77,-.9,-.9,.23,.23,-.95,2.05,2.05,-1.49,-1.49,];
19.92
Fittest 126
x: [.06,-.06,.05,-.05,-.52,.52,.0,2.64,-2.64,3.06,-3.06,];
y: [.77,.77,-.9,-.9,.23,.23,-.95,2.05,2.05,-1.49,-1.49,];
19.92
Fittest 127
x: [.06,-.06,.05,-.05,-.52,.52,.0,2.64,-2.64,3.06,-3.06,];
y: [.77,.77,-.9,-.9,.23,.23,-.95,2.05,2.05,-1.49,-1.49,];
19.92
Fittest 128
x: [.06,-.06,.05,-.05,-.52,.52,.0,2.64,-2.64,3.06,-3.06,];
y: [.77,.77,-.9,-.9,.23,.23,-.95,2.05,2.05,-1.49,-1.49,];
19.92
Fittest 129
x: [.06,-.06,.05,-.05,-.52,.52,.0,2.64,-2.64,3.06,-3.06,];
y: [.77,.77,-.9,-.9,.23,.23,-.95,2.05,2.05,-1.49,-1.49,];
19.92
Fittest 130
x: [.06,-.06,.05,-.05,-.52,.52,.0,2.64,-2.64,3.06,-3.06,];
y: [.77,.77,-.9,-.9,.23,.23,-.95,2.05,2.05,-1.49,-1.49,];
19.92
Fittest 131
x: [.06,-.06,.05,-.05,-.52,.52,.0,2.64,-2.64,3.06,-3.06,];
y: [.77,.77,-.9,-.9,.23,.23,-.95,2.05,2.05,-1.49,-1.49,];
19.92
Fittest 132
x: [.06,-.06,.05,-.05,-.52,.52,.0,2.64,-2.64,3.06,-3.06,];
y: [.77,.77,-.9,-.9,.23,.23,-.95,2.05,2.05,-1.49,-1.49,];
19.92
Fittest 133
x: [.06,-.06,.05,-.05,-.52,.52,.0,2.64,-2.64,3.06,-3.06,];
y: [.77,.77,-.9,-.9,.23,.23,-.95,2.05,2.05,-1.49,-1.49,];
19.92
Fittest 134
x: [.06,-.06,.05,-.05,-.52,.52,.0,2.64,-2.64,3.06,-3.06,];
y: [.77,.77,-.9,-.9,.23,.23,-.95,2.05,2.05,-1.49,-1.49,];
19.92
Fittest 135
x: [.06,-.06,.05,-.05,-.52,.52,.0,2.64,-2.64,3.06,-3.06,];
y: [.77,.77,-.9,-.9,.23,.23,-.95,2.05,2.05,-1.49,-1.49,];
19.92
Fittest 136
x: [.06,-.06,.05,-.05,-.52,.52,.0,2.64,-2.64,3.06,-3.06,];
y: [.77,.77,-.9,-.9,.23,.23,-.95,2.05,2.05,-1.49,-1.49,];
19.92
Fittest 137
x: [.06,-.06,.05,-.05,-.52,.52,.0,2.64,-2.64,3.06,-3.06,];
y: [.77,.77,-.9,-.9,.23,.23,-.95,2.05,2.05,-1.49,-1.49,];
19.92
Fittest 138
x: [.06,-.06,.05,-.05,-.52,.52,.0,2.64,-2.64,3.06,-3.06,];
y: [.77,.77,-.9,-.9,.23,.23,-.95,2.05,2.05,-1.49,-1.49,];
19.92
Fittest 139
x: [.04,-.04,.05,-.05,-.52,.52,.0,2.64,-2.64,3.06,-3.06,];
y: [.72,.72,-.9,-.9,.23,.23,-.95,2.05,2.05,-1.49,-1.49,];
19.91
Fittest 140
x: [.04,-.04,.05,-.05,-.52,.52,.0,2.64,-2.64,3.06,-3.06,];
y: [.72,.72,-.9,-.9,.23,.23,-.95,2.05,2.05,-1.49,-1.49,];
19.91
Fittest 141
x: [.04,-.04,.05,-.05,-.52,.52,.0,2.64,-2.64,3.06,-3.06,];
y: [.72,.72,-.9,-.9,.23,.23,-.95,2.05,2.05,-1.49,-1.49,];
19.91
Fittest 142
x: [.04,-.04,.05,-.05,-.52,.52,.0,2.64,-2.64,3.06,-3.06,];
y: [.72,.72,-.9,-.9,.23,.23,-.95,2.05,2.05,-1.49,-1.49,];
19.91
Fittest 143
x: [.04,-.04,.05,-.05,-.52,.52,.0,2.64,-2.64,3.06,-3.06,];
y: [.72,.72,-.9,-.9,.23,.23,-.95,2.05,2.05,-1.49,-1.49,];
19.91
Fittest 144
x: [.04,-.04,.05,-.05,-.52,.52,.0,2.64,-2.64,3.06,-3.06,];
y: [.72,.72,-.9,-.9,.23,.23,-.95,2.05,2.05,-1.49,-1.49,];
19.91
Fittest 145
x: [.04,-.04,.05,-.05,-.52,.52,.0,2.64,-2.64,3.06,-3.06,];
y: [.72,.72,-.9,-.9,.23,.23,-.95,2.05,2.05,-1.49,-1.49,];
19.91
Fittest 146
x: [.04,-.04,.05,-.05,-.52,.52,.0,2.64,-2.64,3.06,-3.06,];
y: [.72,.72,-.9,-.9,.23,.23,-.95,2.05,2.05,-1.49,-1.49,];
19.91
Fittest 147
x: [.04,-.04,.05,-.05,-.52,.52,.0,2.64,-2.64,3.06,-3.06,];
y: [.72,.72,-.9,-.9,.23,.23,-.95,2.05,2.05,-1.49,-1.49,];
19.91
Fittest 148
x: [.04,-.04,.05,-.05,-.52,.52,.0,2.64,-2.64,3.06,-3.06,];
y: [.72,.72,-.9,-.9,.23,.23,-.95,2.05,2.05,-1.49,-1.49,];
19.91
Fittest 149
x: [.04,-.04,.05,-.05,-.52,.52,.0,2.64,-2.64,3.06,-3.06,];
y: [.72,.72,-.9,-.9,.23,.23,-.95,2.05,2.05,-1.49,-1.49,];
19.91
Fittest 150
x: [.04,-.04,.05,-.05,-.52,.52,.0,2.64,-2.64,3.06,-3.06,];
y: [.72,.72,-.9,-.9,.23,.23,-.95,2.05,2.05,-1.49,-1.49,];
19.91
Fittest 151
x: [.04,-.04,.05,-.05,-.52,.52,.0,2.64,-2.64,3.06,-3.06,];
y: [.72,.72,-.9,-.9,.23,.23,-.95,2.05,2.05,-1.49,-1.49,];
19.91
Fittest 152
x: [.04,-.04,.05,-.05,-.52,.52,.0,2.64,-2.64,3.06,-3.06,];
y: [.72,.72,-.9,-.9,.23,.23,-.95,2.05,2.05,-1.49,-1.49,];
19.91
Fittest 153
x: [.04,-.04,.05,-.05,-.52,.52,.0,2.64,-2.64,3.06,-3.06,];
y: [.72,.72,-.9,-.9,.23,.23,-.95,2.05,2.05,-1.49,-1.49,];
19.91
Fittest 154
x: [.04,-.04,.05,-.05,-.52,.52,.0,2.64,-2.64,3.06,-3.06,];
y: [.72,.72,-.9,-.9,.23,.23,-.95,2.05,2.05,-1.49,-1.49,];
19.91
Fittest 155
x: [.04,-.04,.05,-.05,-.52,.52,.0,2.64,-2.64,3.06,-3.06,];
y: [.72,.72,-.9,-.9,.23,.23,-.95,2.05,2.05,-1.49,-1.49,];
19.91
Fittest 156
x: [.04,-.04,.05,-.05,-.52,.52,.0,2.64,-2.64,3.06,-3.06,];
y: [.72,.72,-.9,-.9,.23,.23,-.95,2.05,2.05,-1.49,-1.49,];
19.91
Fittest 157
x: [.04,-.04,.05,-.05,-.52,.52,.0,2.64,-2.64,3.06,-3.06,];
y: [.72,.72,-.9,-.9,.23,.23,-.95,2.05,2.05,-1.49,-1.49,];
19.91
Fittest 158
x: [.04,-.04,.05,-.05,-.52,.52,.0,2.64,-2.64,3.06,-3.06,];
y: [.72,.72,-.9,-.9,.23,.23,-.95,2.05,2.05,-1.49,-1.49,];
19.91
Fittest 159
x: [.04,-.04,.05,-.05,-.52,.52,.0,2.64,-2.64,3.06,-3.06,];
y: [.72,.72,-.9,-.9,.23,.23,-.95,2.05,2.05,-1.49,-1.49,];
19.91
Fittest 160
x: [.04,-.04,-.02,.02,-.52,.52,.0,2.64,-2.64,3.06,-3.06,];
y: [.72,.72,-.93,-.93,.23,.23,-.95,2.05,2.05,-1.49,-1.49,];
19.91
Fittest 161
x: [.04,-.04,-.02,.02,-.52,.52,.0,2.64,-2.64,3.06,-3.06,];
y: [.72,.72,-.93,-.93,.23,.23,-.95,2.05,2.05,-1.49,-1.49,];
19.91
Fittest 162
x: [.04,-.04,-.02,.02,-.52,.52,.0,2.64,-2.64,3.06,-3.06,];
y: [.72,.72,-.93,-.93,.23,.23,-.95,2.05,2.05,-1.49,-1.49,];
19.91
Fittest 163
x: [.04,-.04,-.02,.02,-.52,.52,.0,2.64,-2.64,3.06,-3.06,];
y: [.72,.72,-.93,-.93,.23,.23,-.95,2.05,2.05,-1.49,-1.49,];
19.91
Fittest 164
x: [.04,-.04,-.02,.02,-.52,.52,.0,2.64,-2.64,3.06,-3.06,];
y: [.72,.72,-.93,-.93,.23,.23,-.95,2.05,2.05,-1.49,-1.49,];
19.91
Fittest 165
x: [.04,-.04,-.02,.02,-.52,.52,.0,2.64,-2.64,3.06,-3.06,];
y: [.72,.72,-.93,-.93,.23,.23,-.95,2.05,2.05,-1.49,-1.49,];
19.91
Fittest 166
x: [.04,-.04,-.02,.02,-.52,.52,.0,2.64,-2.64,3.06,-3.06,];
y: [.72,.72,-.93,-.93,.23,.23,-.95,2.05,2.05,-1.49,-1.49,];
19.91
Fittest 167
x: [.04,-.04,-.02,.02,-.52,.52,.0,2.64,-2.64,3.06,-3.06,];
y: [.72,.72,-.93,-.93,.23,.23,-.95,2.05,2.05,-1.49,-1.49,];
19.91
Fittest 168
x: [.04,-.04,-.02,.02,-.52,.52,.0,2.64,-2.64,3.06,-3.06,];
y: [.72,.72,-.93,-.93,.23,.23,-.95,2.05,2.05,-1.49,-1.49,];
19.91
Fittest 169
x: [.04,-.04,-.02,.02,-.52,.52,.0,2.64,-2.64,3.06,-3.06,];
y: [.72,.72,-.93,-.93,.23,.23,-.95,2.05,2.05,-1.49,-1.49,];
19.91
Fittest 170
x: [.04,-.04,-.02,.02,-.52,.52,.0,2.64,-2.64,3.06,-3.06,];
y: [.72,.72,-.93,-.93,.23,.23,-.95,2.05,2.05,-1.49,-1.49,];
19.91
Fittest 171
x: [.04,-.04,-.02,.02,-.52,.52,.0,2.64,-2.64,3.06,-3.06,];
y: [.72,.72,-.93,-.93,.23,.23,-.95,2.05,2.05,-1.49,-1.49,];
19.91
Fittest 172
x: [.04,-.04,-.02,.02,-.52,.52,.0,2.64,-2.64,3.06,-3.06,];
y: [.72,.72,-.93,-.93,.23,.23,-.95,2.05,2.05,-1.49,-1.49,];
19.91
Fittest 173
x: [.04,-.04,-.02,.02,-.52,.52,.0,2.64,-2.64,3.06,-3.06,];
y: [.72,.72,-.93,-.93,.23,.23,-.95,2.05,2.05,-1.49,-1.49,];
19.91
Fittest 174
x: [.04,-.04,-.02,.02,-.52,.52,.0,2.64,-2.64,3.06,-3.06,];
y: [.72,.72,-.93,-.93,.23,.23,-.95,2.05,2.05,-1.49,-1.49,];
19.91
Fittest 175
x: [.04,-.04,-.02,.02,-.52,.52,.0,2.64,-2.64,3.06,-3.06,];
y: [.72,.72,-.93,-.93,.23,.23,-.95,2.05,2.05,-1.49,-1.49,];
19.91
Fittest 176
x: [.04,-.04,-.02,.02,-.52,.52,.0,2.64,-2.64,3.06,-3.06,];
y: [.72,.72,-.93,-.93,.23,.23,-.95,2.05,2.05,-1.49,-1.49,];
19.91
Fittest 177
x: [.04,-.04,-.02,.02,-.52,.52,.0,2.64,-2.64,3.06,-3.06,];
y: [.72,.72,-.93,-.93,.23,.23,-.95,2.05,2.05,-1.49,-1.49,];
19.91
Fittest 178
x: [.04,-.04,-.02,.02,-.52,.52,.0,2.64,-2.64,3.06,-3.06,];
y: [.72,.72,-.93,-.93,.23,.23,-.95,2.05,2.05,-1.49,-1.49,];
19.91
Fittest 179
x: [.04,-.04,-.02,.02,-.52,.52,.0,2.64,-2.64,3.06,-3.06,];
y: [.72,.72,-.93,-.93,.23,.23,-.95,2.05,2.05,-1.49,-1.49,];
19.91
Fittest 180
x: [.04,-.04,-.02,.02,-.52,.52,.0,2.64,-2.64,3.06,-3.06,];
y: [.72,.72,-.93,-.93,.23,.23,-.95,2.05,2.05,-1.49,-1.49,];
19.91
Fittest 181
x: [.04,-.04,-.02,.02,-.52,.52,.0,2.64,-2.64,3.06,-3.06,];
y: [.72,.72,-.93,-.93,.23,.23,-.95,2.05,2.05,-1.49,-1.49,];
19.91
Fittest 182
x: [.04,-.04,-.02,.02,-.52,.52,.0,2.64,-2.64,3.06,-3.06,];
y: [.72,.72,-.93,-.93,.23,.23,-.95,2.05,2.05,-1.49,-1.49,];
19.91
Fittest 183
x: [.04,-.04,-.02,.02,-.52,.52,.0,2.64,-2.64,3.06,-3.06,];
y: [.72,.72,-.93,-.93,.23,.23,-.95,2.05,2.05,-1.49,-1.49,];
19.91
Fittest 184
x: [.04,-.04,-.02,.02,-.52,.52,.0,2.64,-2.64,3.06,-3.06,];
y: [.72,.72,-.93,-.93,.23,.23,-.95,2.05,2.05,-1.49,-1.49,];
19.91
Fittest 185
x: [.04,-.04,-.02,.02,-.52,.52,.0,2.64,-2.64,3.06,-3.06,];
y: [.72,.72,-.93,-.93,.23,.23,-.95,2.05,2.05,-1.49,-1.49,];
19.91
Fittest 186
x: [.04,-.04,-.02,.02,-.52,.52,.0,2.64,-2.64,3.06,-3.06,];
y: [.72,.72,-.93,-.93,.23,.23,-.95,2.05,2.05,-1.49,-1.49,];
19.91
Fittest 187
x: [.04,-.04,-.02,.02,-.52,.52,.0,2.64,-2.64,3.06,-3.06,];
y: [.72,.72,-.93,-.93,.23,.23,-.95,2.05,2.05,-1.49,-1.49,];
19.91
Fittest 188
x: [.04,-.04,-.02,.02,-.52,.52,.0,2.64,-2.64,3.06,-3.06,];
y: [.72,.72,-.93,-.93,.23,.23,-.95,2.05,2.05,-1.49,-1.49,];
19.91
Fittest 189
x: [.04,-.04,-.02,.02,-.52,.52,.0,2.64,-2.64,3.06,-3.06,];
y: [.72,.72,-.93,-.93,.23,.23,-.95,2.05,2.05,-1.49,-1.49,];
19.91
Fittest 190
x: [.04,-.04,-.02,.02,-.52,.52,.0,2.64,-2.64,3.06,-3.06,];
y: [.72,.72,-.93,-.93,.23,.23,-.95,2.05,2.05,-1.49,-1.49,];
19.91
Fittest 191
x: [.04,-.04,-.02,.02,-.52,.52,.0,2.64,-2.64,3.06,-3.06,];
y: [.72,.72,-.93,-.93,.23,.23,-.95,2.05,2.05,-1.49,-1.49,];
19.91
Fittest 192
x: [.04,-.04,-.02,.02,-.52,.52,.0,2.64,-2.64,3.06,-3.06,];
y: [.72,.72,-.93,-.93,.23,.23,-.95,2.05,2.05,-1.49,-1.49,];
19.91
Fittest 193
x: [.04,-.04,-.02,.02,-.52,.52,.0,2.64,-2.64,3.06,-3.06,];
y: [.72,.72,-.93,-.93,.23,.23,-.95,2.05,2.05,-1.49,-1.49,];
19.91
Fittest 194
x: [.04,-.04,-.02,.02,-.52,.52,.0,2.64,-2.64,3.06,-3.06,];
y: [.72,.72,-.93,-.93,.23,.23,-.95,2.05,2.05,-1.49,-1.49,];
19.91
Fittest 195
x: [.04,-.04,-.02,.02,-.52,.52,.0,2.64,-2.64,3.06,-3.06,];
y: [.72,.72,-.93,-.93,.23,.23,-.95,2.05,2.05,-1.49,-1.49,];
19.91
Fittest 196
x: [.04,-.04,-.02,.02,-.52,.52,.0,2.64,-2.64,3.06,-3.06,];
y: [.72,.72,-.93,-.93,.23,.23,-.95,2.05,2.05,-1.49,-1.49,];
19.91
Fittest 197
x: [.04,-.04,-.02,.02,-.52,.52,.0,2.64,-2.64,3.06,-3.06,];
y: [.72,.72,-.93,-.93,.23,.23,-.95,2.05,2.05,-1.49,-1.49,];
19.91
Fittest 198
x: [.04,-.04,-.02,.02,-.52,.52,.0,2.64,-2.64,3.06,-3.06,];
y: [.72,.72,-.93,-.93,.23,.23,-.95,2.05,2.05,-1.49,-1.49,];
19.91
Fittest 199
x: [.04,-.04,-.02,.02,-.52,.52,.0,2.64,-2.64,3.06,-3.06,];
y: [.72,.72,-.93,-.93,.23,.23,-.95,2.05,2.05,-1.49,-1.49,];
19.91
Fittest 200
x: [.04,-.04,-.02,.02,-.52,.52,.0,2.64,-2.64,3.06,-3.06,];
y: [.72,.72,-.93,-.93,.23,.23,-.95,2.05,2.05,-1.49,-1.49,];
19.91
Fittest 201
x: [.04,-.04,-.02,.02,-.52,.52,.0,2.64,-2.64,3.06,-3.06,];
y: [.72,.72,-.93,-.93,.23,.23,-.95,2.05,2.05,-1.49,-1.49,];
19.91
Fittest 202
x: [.04,-.04,-.02,.02,-.52,.52,.0,2.64,-2.64,3.06,-3.06,];
y: [.72,.72,-.93,-.93,.23,.23,-.95,2.05,2.05,-1.49,-1.49,];
19.91
Fittest 203
x: [.04,-.04,-.02,.02,-.52,.52,.0,2.64,-2.64,3.06,-3.06,];
y: [.72,.72,-.93,-.93,.23,.23,-.95,2.05,2.05,-1.49,-1.49,];
19.91
Fittest 204
x: [.04,-.04,-.02,.02,-.52,.52,.0,2.64,-2.64,3.06,-3.06,];
y: [.72,.72,-.93,-.93,.23,.23,-.95,2.05,2.05,-1.49,-1.49,];
19.91
Fittest 205
x: [.04,-.04,-.02,.02,-.52,.52,.0,2.64,-2.64,3.06,-3.06,];
y: [.72,.72,-.93,-.93,.23,.23,-.95,2.05,2.05,-1.49,-1.49,];
19.91
Fittest 206
x: [.04,-.04,-.02,.02,-.52,.52,.0,2.64,-2.64,3.06,-3.06,];
y: [.72,.72,-.93,-.93,.23,.23,-.95,2.05,2.05,-1.49,-1.49,];
19.91
Fittest 207
x: [.04,-.04,-.02,.02,-.52,.52,.0,2.64,-2.64,3.06,-3.06,];
y: [.72,.72,-.93,-.93,.23,.23,-.95,2.05,2.05,-1.49,-1.49,];
19.91
Fittest 208
x: [.04,-.04,-.02,.02,-.52,.52,.0,2.64,-2.64,3.06,-3.06,];
y: [.72,.72,-.93,-.93,.23,.23,-.95,2.05,2.05,-1.49,-1.49,];
19.91
Fittest 209
x: [.04,-.04,-.02,.02,-.52,.52,.0,2.64,-2.64,3.06,-3.06,];
y: [.72,.72,-.93,-.93,.23,.23,-.95,2.05,2.05,-1.49,-1.49,];
19.91
Fittest 210
x: [.04,-.04,-.02,.02,-.52,.52,.0,2.64,-2.64,3.06,-3.06,];
y: [.72,.72,-.93,-.93,.23,.23,-.95,2.05,2.05,-1.49,-1.49,];
19.91
Fittest 211
x: [.04,-.04,-.02,.02,-.52,.52,.0,2.64,-2.64,3.06,-3.06,];
y: [.72,.72,-.93,-.93,.23,.23,-.95,2.05,2.05,-1.49,-1.49,];
19.91
Fittest 212
x: [.04,-.04,-.02,.02,-.52,.52,.0,2.64,-2.64,3.06,-3.06,];
y: [.72,.72,-.93,-.93,.23,.23,-.95,2.05,2.05,-1.49,-1.49,];
19.91
Fittest 213
x: [.04,-.04,-.02,.02,-.52,.52,.0,2.64,-2.64,3.06,-3.06,];
y: [.72,.72,-.93,-.93,.23,.23,-.95,2.05,2.05,-1.49,-1.49,];
19.91
Fittest 214
x: [.04,-.04,-.02,.02,-.52,.52,.0,2.64,-2.64,3.06,-3.06,];
y: [.72,.72,-.93,-.93,.23,.23,-.95,2.05,2.05,-1.49,-1.49,];
19.91
Fittest 215
x: [.04,-.04,-.02,.02,-.52,.52,.0,2.64,-2.64,3.06,-3.06,];
y: [.72,.72,-.93,-.93,.23,.23,-.95,2.05,2.05,-1.49,-1.49,];
19.91
Fittest 216
x: [.04,-.04,-.02,.02,-.52,.52,.0,2.64,-2.64,3.06,-3.06,];
y: [.72,.72,-.93,-.93,.23,.23,-.95,2.05,2.05,-1.49,-1.49,];
19.91
Fittest 217
x: [.04,-.04,-.02,.02,-.52,.52,.0,2.64,-2.64,3.06,-3.06,];
y: [.72,.72,-.93,-.93,.23,.23,-.95,2.05,2.05,-1.49,-1.49,];
19.91
Fittest 218
x: [.04,-.04,-.02,.02,-.52,.52,.0,2.64,-2.64,3.06,-3.06,];
y: [.72,.72,-.93,-.93,.23,.23,-.95,2.05,2.05,-1.49,-1.49,];
19.91
Fittest 219
x: [.04,-.04,-.02,.02,-.52,.52,.0,2.64,-2.64,3.06,-3.06,];
y: [.72,.72,-.93,-.93,.23,.23,-.95,2.05,2.05,-1.49,-1.49,];
19.91
Fittest 220
x: [.04,-.04,-.02,.02,-.52,.52,.0,2.64,-2.64,3.06,-3.06,];
y: [.72,.72,-.93,-.93,.23,.23,-.95,2.05,2.05,-1.49,-1.49,];
19.91
Fittest 221
x: [.04,-.04,-.02,.02,-.52,.52,.0,2.64,-2.64,3.06,-3.06,];
y: [.72,.72,-.93,-.93,.23,.23,-.95,2.05,2.05,-1.49,-1.49,];
19.91
Fittest 222
x: [.04,-.04,-.02,.02,-.52,.52,.0,2.64,-2.64,3.06,-3.06,];
y: [.72,.72,-.93,-.93,.23,.23,-.95,2.05,2.05,-1.49,-1.49,];
19.91
Fittest 223
x: [.04,-.04,-.02,.02,-.52,.52,.0,2.64,-2.64,3.06,-3.06,];
y: [.72,.72,-.93,-.93,.23,.23,-.95,2.05,2.05,-1.49,-1.49,];
19.91
Fittest 224
x: [.04,-.04,-.02,.02,-.52,.52,.0,2.64,-2.64,3.06,-3.06,];
y: [.72,.72,-.93,-.93,.23,.23,-.95,2.05,2.05,-1.49,-1.49,];
19.91
Fittest 225
x: [.04,-.04,-.02,.02,-.52,.52,.0,2.64,-2.64,3.06,-3.06,];
y: [.72,.72,-.93,-.93,.23,.23,-.95,2.05,2.05,-1.49,-1.49,];
19.91
Fittest 226
x: [.04,-.04,-.02,.02,-.52,.52,.0,2.64,-2.64,3.06,-3.06,];
y: [.72,.72,-.93,-.93,.23,.23,-.95,2.05,2.05,-1.49,-1.49,];
19.91
Fittest 227
x: [.04,-.04,-.02,.02,-.52,.52,.0,2.64,-2.64,3.06,-3.06,];
y: [.72,.72,-.93,-.93,.23,.23,-.95,2.05,2.05,-1.49,-1.49,];
19.91
Fittest 228
x: [.04,-.04,-.02,.02,-.52,.52,.0,2.64,-2.64,3.06,-3.06,];
y: [.72,.72,-.93,-.93,.23,.23,-.95,2.05,2.05,-1.49,-1.49,];
19.91
Fittest 229
x: [.04,-.04,-.02,.02,-.52,.52,.0,2.64,-2.64,3.06,-3.06,];
y: [.72,.72,-.93,-.93,.23,.23,-.95,2.05,2.05,-1.49,-1.49,];
19.91
Fittest 230
x: [.04,-.04,-.02,.02,-.52,.52,.0,2.64,-2.64,3.06,-3.06,];
y: [.72,.72,-.93,-.93,.23,.23,-.95,2.05,2.05,-1.49,-1.49,];
19.91
Fittest 231
x: [.04,-.04,-.02,.02,-.52,.52,.0,2.64,-2.64,3.06,-3.06,];
y: [.72,.72,-.93,-.93,.23,.23,-.95,2.05,2.05,-1.49,-1.49,];
19.91
Fittest 232
x: [.04,-.04,-.02,.02,-.52,.52,.0,2.64,-2.64,3.06,-3.06,];
y: [.72,.72,-.93,-.93,.23,.23,-.95,2.05,2.05,-1.49,-1.49,];
19.91
Fittest 233
x: [.04,-.04,-.02,.02,-.52,.52,.0,2.64,-2.64,3.06,-3.06,];
y: [.72,.72,-.93,-.93,.23,.23,-.95,2.05,2.05,-1.49,-1.49,];
19.91
Fittest 234
x: [.04,-.04,-.02,.02,-.52,.52,.0,2.64,-2.64,3.06,-3.06,];
y: [.72,.72,-.93,-.93,.23,.23,-.95,2.05,2.05,-1.49,-1.49,];
19.91
Fittest 235
x: [.04,-.04,-.02,.02,-.52,.52,.0,2.64,-2.64,3.06,-3.06,];
y: [.72,.72,-.93,-.93,.23,.23,-.95,2.05,2.05,-1.49,-1.49,];
19.91
Fittest 236
x: [.04,-.04,-.02,.02,-.52,.52,.0,2.64,-2.64,3.06,-3.06,];
y: [.72,.72,-.93,-.93,.23,.23,-.95,2.05,2.05,-1.49,-1.49,];
19.91
Fittest 237
x: [.04,-.04,-.02,.02,-.52,.52,.0,2.64,-2.64,3.06,-3.06,];
y: [.72,.72,-.93,-.93,.23,.23,-.95,2.05,2.05,-1.49,-1.49,];
19.91
Fittest 238
x: [.04,-.04,-.02,.02,-.52,.52,.0,2.64,-2.64,3.06,-3.06,];
y: [.72,.72,-.93,-.93,.23,.23,-.95,2.05,2.05,-1.49,-1.49,];
19.91
Fittest 239
x: [.04,-.04,-.02,.02,-.52,.52,.0,2.64,-2.64,3.06,-3.06,];
y: [.72,.72,-.93,-.93,.23,.23,-.95,2.05,2.05,-1.49,-1.49,];
19.91
Fittest 240
x: [.04,-.04,-.02,.02,-.52,.52,.0,2.64,-2.64,3.06,-3.06,];
y: [.72,.72,-.93,-.93,.23,.23,-.95,2.05,2.05,-1.49,-1.49,];
19.91
Fittest 241
x: [.04,-.04,-.02,.02,-.52,.52,.0,2.64,-2.64,3.06,-3.06,];
y: [.72,.72,-.93,-.93,.23,.23,-.95,2.05,2.05,-1.49,-1.49,];
19.91
Fittest 242
x: [.04,-.04,-.02,.02,-.52,.52,.0,2.64,-2.64,3.06,-3.06,];
y: [.72,.72,-.93,-.93,.23,.23,-.95,2.05,2.05,-1.49,-1.49,];
19.91
Fittest 243
x: [.04,-.04,-.02,.02,-.52,.52,.0,2.64,-2.64,3.06,-3.06,];
y: [.72,.72,-.93,-.93,.23,.23,-.95,2.05,2.05,-1.49,-1.49,];
19.91
Fittest 244
x: [.04,-.04,-.02,.02,-.52,.52,.0,2.64,-2.64,3.06,-3.06,];
y: [.72,.72,-.93,-.93,.23,.23,-.95,2.05,2.05,-1.49,-1.49,];
19.91
Fittest 245
x: [.04,-.04,-.02,.02,-.52,.52,.0,2.64,-2.64,3.06,-3.06,];
y: [.72,.72,-.93,-.93,.23,.23,-.95,2.05,2.05,-1.49,-1.49,];
19.91
Fittest 246
x: [.04,-.04,-.02,.02,-.52,.52,.0,2.64,-2.64,3.06,-3.06,];
y: [.72,.72,-.93,-.93,.23,.23,-.95,2.05,2.05,-1.49,-1.49,];
19.91
Fittest 247
x: [.04,-.04,-.02,.02,-.52,.52,.0,2.64,-2.64,3.06,-3.06,];
y: [.72,.72,-.93,-.93,.23,.23,-.95,2.05,2.05,-1.49,-1.49,];
19.91
Fittest 248
x: [.04,-.04,-.02,.02,-.52,.52,.0,2.64,-2.64,3.06,-3.06,];
y: [.72,.72,-.93,-.93,.23,.23,-.95,2.05,2.05,-1.49,-1.49,];
19.91
Fittest 249
x: [.04,-.04,-.02,.02,-.52,.52,.0,2.64,-2.64,3.06,-3.06,];
y: [.72,.72,-.93,-.93,.23,.23,-.95,2.05,2.05,-1.49,-1.49,];
19.91
Fittest 250
x: [.04,-.04,-.02,.02,-.52,.52,.0,2.64,-2.64,3.06,-3.06,];
y: [.72,.72,-.93,-.93,.23,.23,-.95,2.05,2.05,-1.49,-1.49,];
19.91
Fittest 251
x: [.04,-.04,-.02,.02,-.52,.52,.0,2.64,-2.64,3.06,-3.06,];
y: [.72,.72,-.93,-.93,.23,.23,-.95,2.05,2.05,-1.49,-1.49,];
19.91
Fittest 252
x: [.04,-.04,-.02,.02,-.52,.52,.0,2.64,-2.64,3.06,-3.06,];
y: [.72,.72,-.93,-.93,.23,.23,-.95,2.05,2.05,-1.49,-1.49,];
19.91
TERMINATED EARLY