Fittest 0
x: [.78,-.78,2.08,-2.08,1.77,-1.77,.0,1.11,-1.11,1.18,-1.18,];
y: [.28,.28,1.44,1.44,-1.82,-1.82,.0,-.91,-.91,1.78,1.78,];
21.25
Fittest 1
x: [.14,-.14,2.08,-2.08,1.77,-1.77,.0,1.11,-1.11,1.18,-1.18,];
y: [1.31,1.31,1.44,1.44,-1.82,-1.82,.0,-.91,-.91,1.78,1.78,];
21.08
Fittest 2
x: [.14,-.14,2.08,-2.08,1.77,-1.77,.0,1.11,-1.11,1.18,-1.18,];
y: [1.31,1.31,1.44,1.44,-1.82,-1.82,1.38,-.91,-.91,1.78,1.78,];
21.0
Fittest 3
x: [.14,-.14,2.08,-2.08,1.77,-1.77,.0,1.11,-1.11,1.17,-1.17,];
y: [1.31,1.31,1.44,1.44,-1.82,-1.82,1.38,-.91,-.91,1.26,1.26,];
20.96
Fittest 4
x: [.14,-.14,2.08,-2.08,1.77,-1.77,.0,1.11,-1.11,1.17,-1.17,];
y: [1.31,1.31,1.44,1.44,-1.82,-1.82,1.35,-.91,-.91,1.26,1.26,];
20.96
Fittest 5
x: [.14,-.14,2.08,-2.08,1.77,-1.77,.0,1.11,-1.11,-.42,.42,];
y: [1.31,1.31,1.44,1.44,-1.82,-1.82,1.35,-.91,-.91,.87,.87,];
20.82
Fittest 6
x: [.14,-.14,2.08,-2.08,1.77,-1.77,.0,1.11,-1.11,-.42,.42,];
y: [1.31,1.31,1.44,1.44,-1.82,-1.82,1.35,-.91,-.91,.87,.87,];
20.82
Fittest 7
x: [.14,-.14,2.08,-2.08,1.77,-1.77,.0,1.11,-1.11,-.48,.48,];
y: [1.31,1.31,1.44,1.44,-1.82,-1.82,1.35,-.91,-.91,.69,.69,];
20.8
Fittest 8
x: [.14,-.14,2.08,-2.08,1.77,-1.77,.0,1.11,-1.11,-.48,.48,];
y: [1.31,1.31,1.44,1.44,-1.82,-1.82,1.09,-.91,-.91,.69,.69,];
20.78
Fittest 9
x: [.14,-.14,2.08,-2.08,1.77,-1.77,.0,1.11,-1.11,-.48,.48,];
y: [1.31,1.31,1.44,1.44,-1.82,-1.82,1.09,-.91,-.91,.69,.69,];
20.78
Fittest 10
x: [.14,-.14,2.08,-2.08,1.77,-1.77,.0,1.11,-1.11,-.48,.48,];
y: [1.31,1.31,1.44,1.44,-1.82,-1.82,1.09,-.91,-.91,.69,.69,];
20.78
Fittest 11
x: [.14,-.14,2.08,-2.08,1.77,-1.77,.0,1.11,-1.11,-.48,.48,];
y: [1.31,1.31,1.44,1.44,-1.82,-1.82,1.09,-.91,-.91,.69,.69,];
20.78
Fittest 12
x: [.14,-.14,2.08,-2.08,1.77,-1.77,.0,1.11,-1.11,-.48,.48,];
y: [1.31,1.31,1.44,1.44,-1.82,-1.82,1.09,-.91,-.91,.69,.69,];
20.78
Fittest 13
x: [.14,-.14,2.08,-2.08,1.77,-1.77,.0,1.11,-1.11,-.48,.48,];
y: [1.31,1.31,1.44,1.44,-1.82,-1.82,1.09,-.91,-.91,.69,.69,];
20.78
Fittest 14
x: [.14,-.14,2.08,-2.08,1.77,-1.77,.0,1.11,-1.11,-.48,.48,];
y: [1.31,1.31,1.44,1.44,-1.82,-1.82,1.09,-.91,-.91,.69,.69,];
20.78
Fittest 15
x: [.14,-.14,2.08,-2.08,1.77,-1.77,.0,1.11,-1.11,-.48,.48,];
y: [1.31,1.31,1.44,1.44,-1.82,-1.82,1.09,-.91,-.91,.69,.69,];
20.78
Fittest 16
x: [.14,-.14,2.08,-2.08,1.77,-1.77,.0,1.11,-1.11,-.48,.48,];
y: [1.31,1.31,1.44,1.44,-1.82,-1.82,1.09,-.91,-.91,.69,.69,];
20.78
Fittest 17
x: [.14,-.14,2.08,-2.08,1.77,-1.77,.0,1.11,-1.11,-.48,.48,];
y: [1.31,1.31,1.44,1.44,-1.82,-1.82,1.09,-.91,-.91,.69,.69,];
20.78
Fittest 18
x: [.14,-.14,2.08,-2.08,1.77,-1.77,.0,1.11,-1.11,-.48,.48,];
y: [1.31,1.31,1.44,1.44,-1.82,-1.82,1.09,-.91,-.91,.69,.69,];
20.78
Fittest 19
x: [.14,-.14,2.08,-2.08,1.77,-1.77,.0,1.11,-1.11,-.48,.48,];
y: [1.31,1.31,1.44,1.44,-1.82,-1.82,1.09,-.91,-.91,.69,.69,];
20.78
Fittest 20
x: [.14,-.14,2.08,-2.08,1.77,-1.77,.0,1.11,-1.11,-.48,.48,];
y: [1.31,1.31,1.44,1.44,-1.82,-1.82,1.09,-.91,-.91,.69,.69,];
20.78
Fittest 21
x: [.14,-.14,2.08,-2.08,1.77,-1.77,.0,1.11,-1.11,-.48,.48,];
y: [1.31,1.31,1.44,1.44,-1.82,-1.82,1.09,-.91,-.91,.69,.69,];
20.78
Fittest 22
x: [.14,-.14,2.08,-2.08,1.77,-1.77,.0,1.11,-1.11,-.48,.48,];
y: [1.31,1.31,1.44,1.44,-1.82,-1.82,1.09,-.91,-.91,.69,.69,];
20.78
Fittest 23
x: [.14,-.14,2.08,-2.08,1.77,-1.77,.0,1.11,-1.11,-.48,.48,];
y: [1.31,1.31,1.44,1.44,-1.82,-1.82,1.09,-.91,-.91,.69,.69,];
20.78
Fittest 24
x: [.14,-.14,2.08,-2.08,1.75,-1.75,.0,1.11,-1.11,-.48,.48,];
y: [1.31,1.31,1.44,1.44,-1.87,-1.87,1.09,-.91,-.91,.69,.69,];
20.78
Fittest 25
x: [.14,-.14,2.08,-2.08,1.75,-1.75,.0,1.11,-1.11,-.48,.48,];
y: [1.31,1.31,1.44,1.44,-1.87,-1.87,1.09,-.91,-.91,.69,.69,];
20.78
Fittest 26
x: [.14,-.14,2.08,-2.08,1.75,-1.75,.0,1.11,-1.11,-.48,.48,];
y: [1.31,1.31,1.44,1.44,-1.87,-1.87,1.09,-.91,-.91,.69,.69,];
20.78
Fittest 27
x: [.14,-.14,2.08,-2.08,1.75,-1.75,.0,1.11,-1.11,-.48,.48,];
y: [1.31,1.31,1.44,1.44,-1.87,-1.87,1.09,-.91,-.91,.69,.69,];
20.78
Fittest 28
x: [.14,-.14,2.08,-2.08,1.75,-1.75,.0,1.11,-1.11,-.48,.48,];
y: [1.31,1.31,1.44,1.44,-1.87,-1.87,1.09,-.91,-.91,.69,.69,];
20.78
Fittest 29
x: [.14,-.14,2.08,-2.08,1.75,-1.75,.0,1.09,-1.09,-.48,.48,];
y: [1.31,1.31,1.44,1.44,-1.87,-1.87,1.09,-.94,-.94,.69,.69,];
20.77
Fittest 30
x: [.14,-.14,2.02,-2.02,1.75,-1.75,.0,1.09,-1.09,-.48,.48,];
y: [1.31,1.31,1.55,1.55,-1.87,-1.87,1.09,-.94,-.94,.69,.69,];
20.74
Fittest 31
x: [.14,-.14,2.02,-2.02,1.75,-1.75,.0,1.09,-1.09,-.48,.48,];
y: [1.31,1.31,1.55,1.55,-1.87,-1.87,1.46,-.94,-.94,.69,.69,];
20.74
Fittest 32
x: [.14,-.14,2.02,-2.02,1.75,-1.75,.0,1.09,-1.09,-.48,.48,];
y: [1.31,1.31,1.55,1.55,-1.87,-1.87,1.36,-.94,-.94,.69,.69,];
20.73
Fittest 33
x: [.14,-.14,2.02,-2.02,1.75,-1.75,.0,1.09,-1.09,-.48,.48,];
y: [1.31,1.31,1.55,1.55,-1.87,-1.87,1.36,-.94,-.94,.69,.69,];
20.73
Fittest 34
x: [.14,-.14,2.02,-2.02,1.75,-1.75,.0,1.09,-1.09,-.48,.48,];
y: [1.31,1.31,1.55,1.55,-1.87,-1.87,1.33,-.94,-.94,.69,.69,];
20.73
Fittest 35
x: [.14,-.14,2.02,-2.02,1.75,-1.75,.0,1.09,-1.09,.56,-.56,];
y: [1.31,1.31,1.55,1.55,-1.87,-1.87,1.36,-.94,-.94,.44,.44,];
20.73
Fittest 36
x: [.14,-.14,2.02,-2.02,2.16,-2.16,.0,1.09,-1.09,.56,-.56,];
y: [1.31,1.31,1.55,1.55,-1.94,-1.94,1.33,-.94,-.94,.44,.44,];
20.71
Fittest 37
x: [.14,-.14,2.02,-2.02,2.16,-2.16,.0,1.09,-1.09,.56,-.56,];
y: [1.31,1.31,1.55,1.55,-1.94,-1.94,1.2,-.94,-.94,.44,.44,];
20.7
Fittest 38
x: [.14,-.14,2.02,-2.02,2.16,-2.16,.0,1.09,-1.09,.56,-.56,];
y: [1.31,1.31,1.55,1.55,-1.94,-1.94,1.2,-.94,-.94,.44,.44,];
20.7
Fittest 39
x: [.14,-.14,2.02,-2.02,2.16,-2.16,.0,1.09,-1.09,.56,-.56,];
y: [1.31,1.31,1.55,1.55,-1.94,-1.94,1.2,-.94,-.94,.44,.44,];
20.7
Fittest 40
x: [.14,-.14,2.02,-2.02,2.16,-2.16,.0,1.09,-1.09,-.65,.65,];
y: [1.31,1.31,1.55,1.55,-1.94,-1.94,1.2,-.94,-.94,.24,.24,];
20.66
Fittest 41
x: [.14,-.14,2.02,-2.02,2.16,-2.16,.0,1.09,-1.09,-.65,.65,];
y: [1.31,1.31,1.55,1.55,-1.94,-1.94,1.2,-.94,-.94,.24,.24,];
20.66
Fittest 42
x: [.14,-.14,2.02,-2.02,2.16,-2.16,.0,1.09,-1.09,-.65,.65,];
y: [1.31,1.31,1.55,1.55,-1.94,-1.94,1.2,-.94,-.94,.24,.24,];
20.66
Fittest 43
x: [.14,-.14,2.02,-2.02,2.16,-2.16,.0,1.09,-1.09,.92,-.92,];
y: [1.31,1.31,1.55,1.55,-1.94,-1.94,1.2,-.94,-.94,.17,.17,];
20.6
Fittest 44
x: [.14,-.14,2.02,-2.02,2.16,-2.16,.0,1.09,-1.09,-.96,.96,];
y: [1.31,1.31,1.55,1.55,-1.94,-1.94,1.2,-.94,-.94,.16,.16,];
20.58
Fittest 45
x: [.14,-.14,2.02,-2.02,1.98,-1.98,.0,1.09,-1.09,-.96,.96,];
y: [1.31,1.31,1.55,1.55,-2.32,-2.32,1.2,-.94,-.94,.16,.16,];
20.57
Fittest 46
x: [.14,-.14,2.02,-2.02,1.98,-1.98,.0,1.09,-1.09,-.96,.96,];
y: [1.31,1.31,1.55,1.55,-2.32,-2.32,1.09,-.94,-.94,.16,.16,];
20.56
Fittest 47
x: [.14,-.14,2.02,-2.02,1.98,-1.98,.0,1.09,-1.09,-.96,.96,];
y: [1.31,1.31,1.55,1.55,-2.32,-2.32,1.1,-.94,-.94,.16,.16,];
20.56
Fittest 48
x: [.14,-.14,2.02,-2.02,1.98,-1.98,.0,1.09,-1.09,-.96,.96,];
y: [1.31,1.31,1.55,1.55,-2.32,-2.32,1.1,-.94,-.94,.16,.16,];
20.56
Fittest 49
x: [.14,-.14,2.02,-2.02,1.98,-1.98,.0,1.09,-1.09,-.96,.96,];
y: [1.31,1.31,1.55,1.55,-2.32,-2.32,1.11,-.94,-.94,.16,.16,];
20.56
Fittest 50
x: [.14,-.14,2.02,-2.02,1.98,-1.98,.0,1.09,-1.09,-.96,.96,];
y: [1.31,1.31,1.55,1.55,-2.32,-2.32,1.11,-.94,-.94,.16,.16,];
20.56
Fittest 51
x: [.14,-.14,2.02,-2.02,1.98,-1.98,.0,1.09,-1.09,-.96,.96,];
y: [1.31,1.31,1.55,1.55,-2.32,-2.32,1.11,-.94,-.94,.16,.16,];
20.56
Fittest 52
x: [.14,-.14,2.02,-2.02,1.98,-1.98,.0,1.09,-1.09,-.96,.96,];
y: [1.31,1.31,1.55,1.55,-2.32,-2.32,1.11,-.94,-.94,.16,.16,];
20.56
Fittest 53
x: [.14,-.14,2.02,-2.02,1.98,-1.98,.0,1.09,-1.09,-.96,.96,];
y: [1.31,1.31,1.55,1.55,-2.32,-2.32,1.11,-.94,-.94,.16,.16,];
20.56
Fittest 54
x: [.14,-.14,2.02,-2.02,1.98,-1.98,.0,1.09,-1.09,-1.04,1.04,];
y: [1.31,1.31,1.55,1.55,-2.32,-2.32,1.11,-.94,-.94,.12,.12,];
20.53
Fittest 55
x: [-.03,.03,2.02,-2.02,1.98,-1.98,.0,1.09,-1.09,-1.04,1.04,];
y: [1.2,1.2,1.55,1.55,-2.32,-2.32,1.11,-.94,-.94,.12,.12,];
20.53
Fittest 56
x: [-.03,.03,2.02,-2.02,1.98,-1.98,.0,1.09,-1.09,-1.04,1.04,];
y: [1.2,1.2,1.55,1.55,-2.32,-2.32,1.11,-.94,-.94,.12,.12,];
20.53
Fittest 57
x: [-.03,.03,2.02,-2.02,1.98,-1.98,.0,1.09,-1.09,-1.04,1.04,];
y: [1.2,1.2,1.55,1.55,-2.32,-2.32,1.11,-.94,-.94,.12,.12,];
20.53
Fittest 58
x: [-.03,.03,2.02,-2.02,1.98,-1.98,.0,1.09,-1.09,-1.04,1.04,];
y: [1.2,1.2,1.55,1.55,-2.32,-2.32,1.28,-.94,-.94,.12,.12,];
20.52
Fittest 59
x: [-.03,.03,2.02,-2.02,1.98,-1.98,.0,1.09,-1.09,-1.04,1.04,];
y: [1.2,1.2,1.55,1.55,-2.32,-2.32,1.19,-.94,-.94,.12,.12,];
20.51
Fittest 60
x: [-.03,.03,2.02,-2.02,1.98,-1.98,.0,1.09,-1.09,-1.04,1.04,];
y: [1.2,1.2,1.55,1.55,-2.32,-2.32,1.21,-.94,-.94,.12,.12,];
20.51
Fittest 61
x: [-.03,.03,2.02,-2.02,1.98,-1.98,.0,1.09,-1.09,-1.04,1.04,];
y: [1.2,1.2,1.55,1.55,-2.32,-2.32,1.21,-.94,-.94,.12,.12,];
20.51
Fittest 62
x: [-.03,.03,2.02,-2.02,1.98,-1.98,.0,1.09,-1.09,-1.04,1.04,];
y: [1.2,1.2,1.55,1.55,-2.32,-2.32,1.21,-.94,-.94,.12,.12,];
20.51
Fittest 63
x: [-.03,.03,2.02,-2.02,1.98,-1.98,.0,1.09,-1.09,-1.04,1.04,];
y: [1.2,1.2,1.55,1.55,-2.32,-2.32,1.21,-.94,-.94,.12,.12,];
20.51
Fittest 64
x: [-.03,.03,2.02,-2.02,1.98,-1.98,.0,1.09,-1.09,-1.04,1.04,];
y: [1.2,1.2,1.55,1.55,-2.32,-2.32,1.21,-.94,-.94,.12,.12,];
20.51
Fittest 65
x: [-.03,.03,2.02,-2.02,1.98,-1.98,.0,1.09,-1.09,-1.04,1.04,];
y: [1.2,1.2,1.55,1.55,-2.32,-2.32,1.21,-.94,-.94,.12,.12,];
20.51
Fittest 66
x: [-.03,.03,2.02,-2.02,1.98,-1.98,.0,1.09,-1.09,-1.04,1.04,];
y: [1.2,1.2,1.55,1.55,-2.32,-2.32,1.21,-.94,-.94,.12,.12,];
20.51
Fittest 67
x: [-.03,.03,2.02,-2.02,1.98,-1.98,.0,1.09,-1.09,-1.04,1.04,];
y: [1.2,1.2,1.55,1.55,-2.32,-2.32,1.21,-.94,-.94,.12,.12,];
20.51
Fittest 68
x: [-.03,.03,2.02,-2.02,1.98,-1.98,.0,1.09,-1.09,-1.04,1.04,];
y: [1.2,1.2,1.55,1.55,-2.32,-2.32,1.21,-.94,-.94,.12,.12,];
20.51
Fittest 69
x: [-.03,.03,2.02,-2.02,1.98,-1.98,.0,1.09,-1.09,-1.04,1.04,];
y: [1.2,1.2,1.55,1.55,-2.32,-2.32,1.21,-.94,-.94,.12,.12,];
20.51
Fittest 70
x: [-.03,.03,2.02,-2.02,1.98,-1.98,.0,1.09,-1.09,-1.04,1.04,];
y: [1.2,1.2,1.55,1.55,-2.32,-2.32,1.21,-.94,-.94,.12,.12,];
20.51
Fittest 71
x: [-.03,.03,2.02,-2.02,1.98,-1.98,.0,1.09,-1.09,-1.04,1.04,];
y: [1.2,1.2,1.55,1.55,-2.32,-2.32,1.21,-.94,-.94,.12,.12,];
20.51
Fittest 72
x: [-.03,.03,2.02,-2.02,1.98,-1.98,.0,1.09,-1.09,-1.04,1.04,];
y: [1.2,1.2,1.55,1.55,-2.32,-2.32,1.21,-.94,-.94,.12,.12,];
20.51
Fittest 73
x: [-.03,.03,2.02,-2.02,1.98,-1.98,.0,1.09,-1.09,-1.04,1.04,];
y: [1.2,1.2,1.55,1.55,-2.32,-2.32,1.21,-.94,-.94,.12,.12,];
20.51
Fittest 74
x: [-.03,.03,2.02,-2.02,1.98,-1.98,.0,1.09,-1.09,-1.04,1.04,];
y: [1.2,1.2,1.55,1.55,-2.32,-2.32,1.21,-.94,-.94,.12,.12,];
20.51
Fittest 75
x: [-.03,.03,2.02,-2.02,1.98,-1.98,.0,1.09,-1.09,-1.04,1.04,];
y: [1.2,1.2,1.55,1.55,-2.32,-2.32,1.21,-.94,-.94,.12,.12,];
20.51
Fittest 76
x: [-.03,.03,2.02,-2.02,1.98,-1.98,.0,1.09,-1.09,-1.06,1.06,];
y: [1.2,1.2,1.55,1.55,-2.32,-2.32,1.21,-.94,-.94,.19,.19,];
20.47
Fittest 77
x: [-.03,.03,1.98,-1.98,1.98,-1.98,.0,1.09,-1.09,-1.06,1.06,];
y: [1.2,1.2,1.62,1.62,-2.32,-2.32,1.21,-.94,-.94,.19,.19,];
20.4
Fittest 78
x: [-.03,.03,1.98,-1.98,1.98,-1.98,.0,1.09,-1.09,-1.06,1.06,];
y: [1.2,1.2,1.62,1.62,-2.32,-2.32,1.21,-.94,-.94,.19,.19,];
20.4
Fittest 79
x: [-.03,.03,1.98,-1.98,1.98,-1.98,.0,1.09,-1.09,-1.06,1.06,];
y: [1.2,1.2,1.62,1.62,-2.32,-2.32,1.21,-.94,-.94,.19,.19,];
20.4
Fittest 80
x: [-.03,.03,1.98,-1.98,1.98,-1.98,.0,1.09,-1.09,-1.06,1.06,];
y: [1.2,1.2,1.62,1.62,-2.32,-2.32,1.21,-.94,-.94,.19,.19,];
20.4
Fittest 81
x: [-.03,.03,1.98,-1.98,1.98,-1.98,.0,1.09,-1.09,-1.06,1.06,];
y: [1.2,1.2,1.62,1.62,-2.32,-2.32,1.21,-.94,-.94,.19,.19,];
20.4
Fittest 82
x: [-.03,.03,1.98,-1.98,1.98,-1.98,.0,1.09,-1.09,-1.06,1.06,];
y: [1.2,1.2,1.62,1.62,-2.32,-2.32,1.21,-.94,-.94,.19,.19,];
20.4
Fittest 83
x: [-.03,.03,1.98,-1.98,1.98,-1.98,.0,1.09,-1.09,-1.06,1.06,];
y: [1.2,1.2,1.62,1.62,-2.32,-2.32,1.21,-.94,-.94,.19,.19,];
20.4
Fittest 84
x: [-.03,.03,1.98,-1.98,1.98,-1.98,.0,1.09,-1.09,-1.06,1.06,];
y: [1.2,1.2,1.62,1.62,-2.32,-2.32,1.21,-.94,-.94,.19,.19,];
20.4
Fittest 85
x: [-.03,.03,1.98,-1.98,1.98,-1.98,.0,1.09,-1.09,-1.06,1.06,];
y: [1.2,1.2,1.62,1.62,-2.32,-2.32,1.21,-.94,-.94,.19,.19,];
20.4
Fittest 86
x: [-.03,.03,1.98,-1.98,1.98,-1.98,.0,1.09,-1.09,-1.06,1.06,];
y: [1.2,1.2,1.62,1.62,-2.32,-2.32,1.21,-.94,-.94,.19,.19,];
20.4
Fittest 87
x: [-.03,.03,1.98,-1.98,1.98,-1.98,.0,1.09,-1.09,-1.06,1.06,];
y: [1.2,1.2,1.62,1.62,-2.32,-2.32,1.21,-.94,-.94,.19,.19,];
20.4
Fittest 88
x: [-.03,.03,1.98,-1.98,2.4,-2.4,.0,1.09,-1.09,-1.06,1.06,];
y: [1.2,1.2,1.62,1.62,-1.8,-1.8,1.21,-.94,-.94,.19,.19,];
20.0
Fittest 89
x: [-.03,.03,1.98,-1.98,2.4,-2.4,.0,1.09,-1.09,-1.06,1.06,];
y: [1.2,1.2,1.62,1.62,-1.8,-1.8,1.21,-.94,-.94,.19,.19,];
20.0
Fittest 90
x: [-.03,.03,1.98,-1.98,2.4,-2.4,.0,1.09,-1.09,-1.06,1.06,];
y: [1.2,1.2,1.62,1.62,-1.8,-1.8,1.21,-.94,-.94,.19,.19,];
20.0
Fittest 91
x: [-.03,.03,1.98,-1.98,2.4,-2.4,.0,1.09,-1.09,-1.06,1.06,];
y: [1.2,1.2,1.62,1.62,-1.8,-1.8,1.21,-.94,-.94,.19,.19,];
20.0
Fittest 92
x: [-.03,.03,1.98,-1.98,2.4,-2.4,.0,1.09,-1.09,-1.06,1.06,];
y: [1.2,1.2,1.62,1.62,-1.8,-1.8,1.21,-.94,-.94,.19,.19,];
20.0
Fittest 93
x: [-.03,.03,1.98,-1.98,2.4,-2.4,.0,1.09,-1.09,-1.06,1.06,];
y: [1.2,1.2,1.62,1.62,-1.8,-1.8,1.21,-.94,-.94,.19,.19,];
20.0
Fittest 94
x: [-.03,.03,1.98,-1.98,2.4,-2.4,.0,1.09,-1.09,-1.06,1.06,];
y: [1.2,1.2,1.62,1.62,-1.8,-1.8,1.21,-.94,-.94,.19,.19,];
20.0
Fittest 95
x: [-.03,.03,1.98,-1.98,2.4,-2.4,.0,1.09,-1.09,-1.06,1.06,];
y: [1.2,1.2,1.62,1.62,-1.8,-1.8,1.21,-.94,-.94,.19,.19,];
20.0
Fittest 96
x: [-.03,.03,1.98,-1.98,2.4,-2.4,.0,1.09,-1.09,-1.06,1.06,];
y: [1.2,1.2,1.62,1.62,-1.8,-1.8,1.21,-.94,-.94,.19,.19,];
20.0
Fittest 97
x: [-.03,.03,1.98,-1.98,2.4,-2.4,.0,1.09,-1.09,-1.06,1.06,];
y: [1.2,1.2,1.62,1.62,-1.8,-1.8,1.21,-.94,-.94,.19,.19,];
20.0
Fittest 98
x: [-.03,.03,1.98,-1.98,2.4,-2.4,.0,1.09,-1.09,-1.06,1.06,];
y: [1.2,1.2,1.62,1.62,-1.8,-1.8,1.21,-.94,-.94,.19,.19,];
20.0
Fittest 99
x: [-.03,.03,1.98,-1.98,2.4,-2.4,.0,1.09,-1.09,-1.06,1.06,];
y: [1.2,1.2,1.62,1.62,-1.8,-1.8,1.21,-.94,-.94,.19,.19,];
20.0
Fittest 100
x: [-.03,.03,1.98,-1.98,2.4,-2.4,.0,1.09,-1.09,-1.06,1.06,];
y: [1.2,1.2,1.62,1.62,-1.8,-1.8,1.21,-.94,-.94,.19,.19,];
20.0
Fittest 101
x: [-.03,.03,1.98,-1.98,2.4,-2.4,.0,1.09,-1.09,-1.06,1.06,];
y: [1.2,1.2,1.62,1.62,-1.8,-1.8,1.21,-.94,-.94,.19,.19,];
20.0
Fittest 102
x: [-.03,.03,1.98,-1.98,2.4,-2.4,.0,1.09,-1.09,-1.06,1.06,];
y: [1.2,1.2,1.62,1.62,-1.8,-1.8,1.21,-.94,-.94,.19,.19,];
20.0
Fittest 103
x: [-.03,.03,1.98,-1.98,2.4,-2.4,.0,1.09,-1.09,-1.06,1.06,];
y: [1.2,1.2,1.62,1.62,-1.8,-1.8,1.21,-.94,-.94,.19,.19,];
20.0
Fittest 104
x: [-.03,.03,1.98,-1.98,2.4,-2.4,.0,1.09,-1.09,-1.06,1.06,];
y: [1.2,1.2,1.62,1.62,-1.8,-1.8,1.21,-.94,-.94,.19,.19,];
20.0
Fittest 105
x: [-.03,.03,1.98,-1.98,2.4,-2.4,.0,1.09,-1.09,-1.06,1.06,];
y: [1.2,1.2,1.62,1.62,-1.8,-1.8,1.21,-.94,-.94,.19,.19,];
20.0
Fittest 106
x: [-.03,.03,1.98,-1.98,2.4,-2.4,.0,1.09,-1.09,-1.06,1.06,];
y: [1.2,1.2,1.62,1.62,-1.8,-1.8,1.21,-.94,-.94,.19,.19,];
20.0
Fittest 107
x: [-.03,.03,1.98,-1.98,2.4,-2.4,.0,1.09,-1.09,-1.06,1.06,];
y: [1.2,1.2,1.62,1.62,-1.8,-1.8,1.21,-.94,-.94,.19,.19,];
20.0
Fittest 108
x: [-.03,.03,1.98,-1.98,2.4,-2.4,.0,1.09,-1.09,-1.06,1.06,];
y: [1.2,1.2,1.62,1.62,-1.8,-1.8,1.21,-.94,-.94,.19,.19,];
20.0
Fittest 109
x: [-.03,.03,1.98,-1.98,2.4,-2.4,.0,1.09,-1.09,-1.06,1.06,];
y: [1.2,1.2,1.62,1.62,-1.8,-1.8,1.21,-.94,-.94,.19,.19,];
20.0
Fittest 110
x: [-.03,.03,1.98,-1.98,2.4,-2.4,.0,1.09,-1.09,-1.06,1.06,];
y: [1.2,1.2,1.62,1.62,-1.8,-1.8,1.21,-.94,-.94,.19,.19,];
20.0
Fittest 111
x: [-.03,.03,1.98,-1.98,2.4,-2.4,.0,1.09,-1.09,-1.06,1.06,];
y: [1.2,1.2,1.62,1.62,-1.8,-1.8,1.21,-.94,-.94,.19,.19,];
20.0
Fittest 112
x: [-.03,.03,1.98,-1.98,2.4,-2.4,.0,1.09,-1.09,-1.06,1.06,];
y: [1.2,1.2,1.62,1.62,-1.8,-1.8,1.21,-.94,-.94,.19,.19,];
20.0
Fittest 113
x: [-.03,.03,1.98,-1.98,2.4,-2.4,.0,1.09,-1.09,-1.06,1.06,];
y: [1.2,1.2,1.62,1.62,-1.8,-1.8,1.21,-.94,-.94,.19,.19,];
20.0
Fittest 114
x: [-.03,.03,1.98,-1.98,2.4,-2.4,.0,1.09,-1.09,-1.06,1.06,];
y: [1.2,1.2,1.62,1.62,-1.8,-1.8,1.21,-.94,-.94,.19,.19,];
20.0
Fittest 115
x: [-.03,.03,1.98,-1.98,2.4,-2.4,.0,1.09,-1.09,-1.06,1.06,];
y: [1.2,1.2,1.62,1.62,-1.8,-1.8,1.21,-.94,-.94,.19,.19,];
20.0
Fittest 116
x: [-.03,.03,1.98,-1.98,2.4,-2.4,.0,1.09,-1.09,-1.06,1.06,];
y: [1.2,1.2,1.62,1.62,-1.8,-1.8,1.21,-.94,-.94,.19,.19,];
20.0
Fittest 117
x: [-.03,.03,1.98,-1.98,2.4,-2.4,.0,1.09,-1.09,-1.06,1.06,];
y: [1.2,1.2,1.62,1.62,-1.8,-1.8,1.21,-.94,-.94,.19,.19,];
20.0
Fittest 118
x: [-.03,.03,1.98,-1.98,2.4,-2.4,.0,1.09,-1.09,-1.06,1.06,];
y: [1.2,1.2,1.62,1.62,-1.8,-1.8,1.21,-.94,-.94,.19,.19,];
20.0
Fittest 119
x: [-.03,.03,1.98,-1.98,2.4,-2.4,.0,1.09,-1.09,-1.06,1.06,];
y: [1.2,1.2,1.62,1.62,-1.8,-1.8,1.21,-.94,-.94,.19,.19,];
20.0
Fittest 120
x: [-.03,.03,1.98,-1.98,2.4,-2.4,.0,1.09,-1.09,-1.06,1.06,];
y: [1.2,1.2,1.62,1.62,-1.8,-1.8,1.21,-.94,-.94,.19,.19,];
20.0
Fittest 121
x: [-.03,.03,1.98,-1.98,2.4,-2.4,.0,1.09,-1.09,-1.06,1.06,];
y: [1.2,1.2,1.62,1.62,-1.8,-1.8,1.21,-.94,-.94,.19,.19,];
20.0
Fittest 122
x: [-.03,.03,1.98,-1.98,2.4,-2.4,.0,1.09,-1.09,-1.06,1.06,];
y: [1.2,1.2,1.62,1.62,-1.8,-1.8,1.21,-.94,-.94,.19,.19,];
20.0
Fittest 123
x: [-.03,.03,1.98,-1.98,2.4,-2.4,.0,1.08,-1.08,-1.06,1.06,];
y: [1.2,1.2,1.62,1.62,-1.8,-1.8,1.21,-.93,-.93,.19,.19,];
20.0
Fittest 124
x: [-.03,.03,1.98,-1.98,2.4,-2.4,.0,1.08,-1.08,-1.06,1.06,];
y: [1.2,1.2,1.62,1.62,-1.8,-1.8,1.21,-.93,-.93,.19,.19,];
20.0
Fittest 125
x: [-.03,.03,1.98,-1.98,2.4,-2.4,.0,1.08,-1.08,-1.06,1.06,];
y: [1.2,1.2,1.62,1.62,-1.8,-1.8,1.21,-.93,-.93,.19,.19,];
20.0
Fittest 126
x: [-.03,.03,1.98,-1.98,2.4,-2.4,.0,1.08,-1.08,-1.06,1.06,];
y: [1.2,1.2,1.62,1.62,-1.8,-1.8,1.21,-.93,-.93,.19,.19,];
20.0
Fittest 127
x: [-.03,.03,1.98,-1.98,2.4,-2.4,.0,1.08,-1.08,-1.06,1.06,];
y: [1.2,1.2,1.62,1.62,-1.8,-1.8,1.21,-.93,-.93,.19,.19,];
20.0
Fittest 128
x: [-.03,.03,1.98,-1.98,2.4,-2.4,.0,1.08,-1.08,-1.06,1.06,];
y: [1.2,1.2,1.62,1.62,-1.8,-1.8,1.21,-.93,-.93,.19,.19,];
20.0
Fittest 129
x: [-.03,.03,1.98,-1.98,2.4,-2.4,.0,1.08,-1.08,-1.06,1.06,];
y: [1.2,1.2,1.62,1.62,-1.8,-1.8,1.21,-.93,-.93,.19,.19,];
20.0
Fittest 130
x: [-.03,.03,1.98,-1.98,2.4,-2.4,.0,1.08,-1.08,-1.06,1.06,];
y: [1.2,1.2,1.62,1.62,-1.8,-1.8,1.21,-.93,-.93,.19,.19,];
20.0
Fittest 131
x: [-.03,.03,1.98,-1.98,2.4,-2.4,.0,1.08,-1.08,-1.06,1.06,];
y: [1.2,1.2,1.62,1.62,-1.8,-1.8,1.21,-.93,-.93,.19,.19,];
20.0
Fittest 132
x: [-.03,.03,1.98,-1.98,2.4,-2.4,.0,1.08,-1.08,-1.08,1.08,];
y: [1.2,1.2,1.62,1.62,-1.8,-1.8,1.21,-.93,-.93,.08,.08,];
19.99
Fittest 133
x: [-.03,.03,1.98,-1.98,2.4,-2.4,.0,1.08,-1.08,-1.08,1.08,];
y: [1.2,1.2,1.62,1.62,-1.8,-1.8,1.21,-.93,-.93,.08,.08,];
19.99
Fittest 134
x: [-.03,.03,1.98,-1.98,2.4,-2.4,.0,1.08,-1.08,-1.08,1.08,];
y: [1.2,1.2,1.62,1.62,-1.8,-1.8,1.48,-.93,-.93,.08,.08,];
19.98
Fittest 135
x: [-.03,.03,1.98,-1.98,2.4,-2.4,.0,1.08,-1.08,-1.08,1.08,];
y: [1.2,1.2,1.62,1.62,-1.8,-1.8,1.48,-.93,-.93,.08,.08,];
19.98
Fittest 136
x: [-.03,.03,1.98,-1.98,2.4,-2.4,.0,1.08,-1.08,-1.08,1.08,];
y: [1.2,1.2,1.62,1.62,-1.8,-1.8,1.48,-.93,-.93,.08,.08,];
19.98
Fittest 137
x: [-.03,.03,1.98,-1.98,2.4,-2.4,.0,1.08,-1.08,-1.08,1.08,];
y: [1.2,1.2,1.62,1.62,-1.8,-1.8,1.48,-.93,-.93,.08,.08,];
19.98
Fittest 138
x: [-.03,.03,1.98,-1.98,2.4,-2.4,.0,1.08,-1.08,-1.08,1.08,];
y: [1.2,1.2,1.62,1.62,-1.8,-1.8,1.48,-.93,-.93,.08,.08,];
19.98
Fittest 139
x: [-.03,.03,1.98,-1.98,2.3,-2.3,.0,1.08,-1.08,-1.08,1.08,];
y: [1.2,1.2,1.62,1.62,-1.98,-1.98,1.48,-.93,-.93,.08,.08,];
19.98
Fittest 140
x: [-.03,.03,1.98,-1.98,2.3,-2.3,.0,1.08,-1.08,-1.08,1.08,];
y: [1.2,1.2,1.62,1.62,-1.98,-1.98,1.48,-.93,-.93,.08,.08,];
19.98
Fittest 141
x: [-.03,.03,1.98,-1.98,2.3,-2.3,.0,1.08,-1.08,-1.08,1.08,];
y: [1.2,1.2,1.62,1.62,-1.98,-1.98,1.47,-.93,-.93,.08,.08,];
19.98
Fittest 142
x: [-.03,.03,1.98,-1.98,2.3,-2.3,.0,1.08,-1.08,-1.08,1.08,];
y: [1.2,1.2,1.62,1.62,-1.98,-1.98,1.47,-.93,-.93,.08,.08,];
19.98
Fittest 143
x: [-.03,.03,1.98,-1.98,2.3,-2.3,.0,1.08,-1.08,-1.08,1.08,];
y: [1.2,1.2,1.62,1.62,-1.98,-1.98,1.29,-.93,-.93,.08,.08,];
19.97
Fittest 144
x: [-.03,.03,1.98,-1.98,2.3,-2.3,.0,1.08,-1.08,-1.08,1.08,];
y: [1.2,1.2,1.62,1.62,-1.98,-1.98,1.29,-.93,-.93,.08,.08,];
19.97
Fittest 145
x: [-.03,.03,1.98,-1.98,2.3,-2.3,.0,1.08,-1.08,-1.08,1.08,];
y: [1.2,1.2,1.62,1.62,-1.98,-1.98,1.29,-.93,-.93,.08,.08,];
19.97
Fittest 146
x: [-.03,.03,1.98,-1.98,2.3,-2.3,.0,1.08,-1.08,-1.08,1.08,];
y: [1.2,1.2,1.62,1.62,-1.98,-1.98,1.23,-.93,-.93,.08,.08,];
19.97
Fittest 147
x: [-.03,.03,1.98,-1.98,2.3,-2.3,.0,1.08,-1.08,-1.08,1.08,];
y: [1.2,1.2,1.62,1.62,-1.98,-1.98,1.22,-.93,-.93,.08,.08,];
19.97
Fittest 148
x: [-.03,.03,1.98,-1.98,2.3,-2.3,.0,1.08,-1.08,-1.08,1.08,];
y: [1.2,1.2,1.62,1.62,-1.98,-1.98,1.22,-.93,-.93,.08,.08,];
19.97
Fittest 149
x: [-.03,.03,1.98,-1.98,2.3,-2.3,.0,1.08,-1.08,-1.08,1.08,];
y: [1.2,1.2,1.62,1.62,-1.98,-1.98,1.22,-.93,-.93,.08,.08,];
19.97
Fittest 150
x: [-.03,.03,1.98,-1.98,2.3,-2.3,.0,1.08,-1.08,-1.08,1.08,];
y: [1.2,1.2,1.62,1.62,-1.98,-1.98,1.22,-.93,-.93,.08,.08,];
19.97
Fittest 151
x: [-.03,.03,1.98,-1.98,2.3,-2.3,.0,1.08,-1.08,-1.08,1.08,];
y: [1.2,1.2,1.62,1.62,-1.98,-1.98,1.22,-.93,-.93,.08,.08,];
19.97
Fittest 152
x: [-.03,.03,1.98,-1.98,2.3,-2.3,.0,1.08,-1.08,-1.08,1.08,];
y: [1.2,1.2,1.62,1.62,-1.98,-1.98,1.22,-.93,-.93,.08,.08,];
19.97
Fittest 153
x: [-.03,.03,1.98,-1.98,2.3,-2.3,.0,1.08,-1.08,-1.08,1.08,];
y: [1.2,1.2,1.62,1.62,-1.98,-1.98,1.22,-.93,-.93,.08,.08,];
19.97
Fittest 154
x: [-.03,.03,1.98,-1.98,2.3,-2.3,.0,1.08,-1.08,-1.08,1.08,];
y: [1.2,1.2,1.62,1.62,-1.98,-1.98,1.22,-.93,-.93,.08,.08,];
19.97
Fittest 155
x: [-.03,.03,1.98,-1.98,2.3,-2.3,.0,1.08,-1.08,-1.08,1.08,];
y: [1.2,1.2,1.62,1.62,-1.98,-1.98,1.22,-.93,-.93,.08,.08,];
19.97
Fittest 156
x: [-.03,.03,1.98,-1.98,2.3,-2.3,.0,1.08,-1.08,-1.08,1.08,];
y: [1.2,1.2,1.62,1.62,-1.98,-1.98,1.22,-.93,-.93,.08,.08,];
19.97
Fittest 157
x: [-.03,.03,1.98,-1.98,2.3,-2.3,.0,1.08,-1.08,-1.08,1.08,];
y: [1.2,1.2,1.62,1.62,-1.98,-1.98,1.22,-.93,-.93,.08,.08,];
19.97
Fittest 158
x: [-.03,.03,1.98,-1.98,2.3,-2.3,.0,1.08,-1.08,-1.08,1.08,];
y: [1.2,1.2,1.62,1.62,-1.98,-1.98,1.22,-.93,-.93,.08,.08,];
19.97
Fittest 159
x: [-.03,.03,1.98,-1.98,2.3,-2.3,.0,1.08,-1.08,-1.08,1.08,];
y: [1.2,1.2,1.62,1.62,-1.98,-1.98,1.21,-.93,-.93,.08,.08,];
19.97
Fittest 160
x: [-.03,.03,1.98,-1.98,2.3,-2.3,.0,1.08,-1.08,-1.08,1.08,];
y: [1.2,1.2,1.62,1.62,-1.98,-1.98,1.21,-.93,-.93,.08,.08,];
19.97
Fittest 161
x: [-.03,.03,1.98,-1.98,2.3,-2.3,.0,1.08,-1.08,-1.08,1.08,];
y: [1.2,1.2,1.62,1.62,-1.98,-1.98,1.21,-.93,-.93,.08,.08,];
19.97
Fittest 162
x: [-.03,.03,1.98,-1.98,2.3,-2.3,.0,1.08,-1.08,-1.08,1.08,];
y: [1.2,1.2,1.62,1.62,-1.98,-1.98,1.21,-.93,-.93,.08,.08,];
19.97
Fittest 163
x: [-.03,.03,1.98,-1.98,2.3,-2.3,.0,1.08,-1.08,-1.08,1.08,];
y: [1.2,1.2,1.62,1.62,-1.98,-1.98,1.21,-.93,-.93,.08,.08,];
19.97
Fittest 164
x: [-.03,.03,1.98,-1.98,2.3,-2.3,.0,1.08,-1.08,-1.08,1.08,];
y: [1.2,1.2,1.62,1.62,-1.98,-1.98,1.21,-.93,-.93,.08,.08,];
19.97
Fittest 165
x: [-.03,.03,1.98,-1.98,2.3,-2.3,.0,1.08,-1.08,-1.08,1.08,];
y: [1.2,1.2,1.62,1.62,-1.98,-1.98,1.21,-.93,-.93,.08,.08,];
19.97
Fittest 166
x: [-.03,.03,1.98,-1.98,2.3,-2.3,.0,1.08,-1.08,-1.08,1.08,];
y: [1.2,1.2,1.62,1.62,-1.98,-1.98,1.21,-.93,-.93,.08,.08,];
19.97
Fittest 167
x: [-.03,.03,1.98,-1.98,2.3,-2.3,.0,1.08,-1.08,-1.08,1.08,];
y: [1.2,1.2,1.62,1.62,-1.98,-1.98,1.21,-.93,-.93,.08,.08,];
19.97
Fittest 168
x: [-.03,.03,1.98,-1.98,2.3,-2.3,.0,1.08,-1.08,-1.08,1.08,];
y: [1.2,1.2,1.62,1.62,-1.98,-1.98,1.21,-.93,-.93,.08,.08,];
19.97
Fittest 169
x: [-.03,.03,1.98,-1.98,2.3,-2.3,.0,1.08,-1.08,-1.08,1.08,];
y: [1.2,1.2,1.62,1.62,-1.98,-1.98,1.21,-.93,-.93,.08,.08,];
19.97
Fittest 170
x: [-.03,.03,1.98,-1.98,2.3,-2.3,.0,1.08,-1.08,-1.08,1.08,];
y: [1.2,1.2,1.62,1.62,-1.98,-1.98,1.19,-.93,-.93,.08,.08,];
19.97
Fittest 171
x: [-.03,.03,1.98,-1.98,2.3,-2.3,.0,1.08,-1.08,-1.08,1.08,];
y: [1.2,1.2,1.62,1.62,-1.98,-1.98,1.19,-.93,-.93,.08,.08,];
19.97
Fittest 172
x: [-.03,.03,1.98,-1.98,2.3,-2.3,.0,1.08,-1.08,-1.08,1.08,];
y: [1.2,1.2,1.62,1.62,-1.98,-1.98,1.2,-.93,-.93,.08,.08,];
19.97
Fittest 173
x: [-.03,.03,1.98,-1.98,2.3,-2.3,.0,1.08,-1.08,-1.08,1.08,];
y: [1.2,1.2,1.62,1.62,-1.98,-1.98,1.2,-.93,-.93,.08,.08,];
19.97
Fittest 174
x: [-.03,.03,1.98,-1.98,2.3,-2.3,.0,1.08,-1.08,-1.08,1.08,];
y: [1.2,1.2,1.62,1.62,-1.98,-1.98,1.2,-.93,-.93,.08,.08,];
19.97
Fittest 175
x: [-.03,.03,1.98,-1.98,2.3,-2.3,.0,1.08,-1.08,-1.08,1.08,];
y: [1.2,1.2,1.62,1.62,-1.98,-1.98,1.2,-.93,-.93,.08,.08,];
19.97
Fittest 176
x: [-.03,.03,1.98,-1.98,2.3,-2.3,.0,1.08,-1.08,-1.08,1.08,];
y: [1.2,1.2,1.62,1.62,-1.98,-1.98,1.2,-.93,-.93,.08,.08,];
19.97
Fittest 177
x: [-.03,.03,1.98,-1.98,2.3,-2.3,.0,1.08,-1.08,-1.08,1.08,];
y: [1.2,1.2,1.62,1.62,-1.98,-1.98,1.2,-.93,-.93,.08,.08,];
19.97
Fittest 178
x: [-.03,.03,1.98,-1.98,2.3,-2.3,.0,1.08,-1.08,-1.08,1.08,];
y: [1.2,1.2,1.62,1.62,-1.98,-1.98,1.2,-.93,-.93,.08,.08,];
19.97
Fittest 179
x: [-.03,.03,1.98,-1.98,2.3,-2.3,.0,1.08,-1.08,-1.08,1.08,];
y: [1.2,1.2,1.62,1.62,-1.98,-1.98,1.2,-.93,-.93,.08,.08,];
19.97
Fittest 180
x: [-.03,.03,1.98,-1.98,2.3,-2.3,.0,1.08,-1.08,-1.08,1.08,];
y: [1.2,1.2,1.62,1.62,-1.98,-1.98,1.2,-.93,-.93,.08,.08,];
19.97
Fittest 181
x: [-.03,.03,1.98,-1.98,2.3,-2.3,.0,1.08,-1.08,-1.08,1.08,];
y: [1.2,1.2,1.62,1.62,-1.98,-1.98,1.2,-.93,-.93,.08,.08,];
19.97
Fittest 182
x: [-.03,.03,1.98,-1.98,2.3,-2.3,.0,1.08,-1.08,-1.08,1.08,];
y: [1.2,1.2,1.62,1.62,-1.98,-1.98,1.2,-.93,-.93,.08,.08,];
19.97
Fittest 183
x: [-.03,.03,1.98,-1.98,2.3,-2.3,.0,1.08,-1.08,-1.08,1.08,];
y: [1.2,1.2,1.62,1.62,-1.98,-1.98,1.2,-.93,-.93,.08,.08,];
19.97
Fittest 184
x: [-.03,.03,1.98,-1.98,2.3,-2.3,.0,1.08,-1.08,-1.08,1.08,];
y: [1.2,1.2,1.62,1.62,-1.98,-1.98,1.2,-.93,-.93,.08,.08,];
19.97
Fittest 185
x: [-.03,.03,1.98,-1.98,2.3,-2.3,.0,1.08,-1.08,-1.08,1.08,];
y: [1.2,1.2,1.62,1.62,-1.98,-1.98,1.2,-.93,-.93,.08,.08,];
19.97
Fittest 186
x: [-.03,.03,1.98,-1.98,2.3,-2.3,.0,1.08,-1.08,-1.08,1.08,];
y: [1.2,1.2,1.62,1.62,-1.98,-1.98,1.2,-.93,-.93,.08,.08,];
19.97
Fittest 187
x: [-.03,.03,1.98,-1.98,2.3,-2.3,.0,1.09,-1.09,-1.08,1.08,];
y: [1.2,1.2,1.62,1.62,-1.98,-1.98,1.2,-.93,-.93,.08,.08,];
19.97
Fittest 188
x: [-.03,.03,1.98,-1.98,2.3,-2.3,.0,1.09,-1.09,-1.08,1.08,];
y: [1.2,1.2,1.62,1.62,-1.98,-1.98,1.2,-.93,-.93,.08,.08,];
19.97
Fittest 189
x: [-.03,.03,1.98,-1.98,2.3,-2.3,.0,1.09,-1.09,-1.08,1.08,];
y: [1.2,1.2,1.62,1.62,-1.98,-1.98,1.2,-.93,-.93,.08,.08,];
19.97
Fittest 190
x: [-.03,.03,1.98,-1.98,2.3,-2.3,.0,1.09,-1.09,-1.08,1.08,];
y: [1.2,1.2,1.62,1.62,-1.98,-1.98,1.2,-.93,-.93,.08,.08,];
19.97
Fittest 191
x: [-.03,.03,1.98,-1.98,2.3,-2.3,.0,1.09,-1.09,-1.08,1.08,];
y: [1.2,1.2,1.62,1.62,-1.98,-1.98,1.2,-.93,-.93,.08,.08,];
19.97
Fittest 192
x: [-.03,.03,1.98,-1.98,2.3,-2.3,.0,1.09,-1.09,-1.08,1.08,];
y: [1.2,1.2,1.62,1.62,-1.98,-1.98,1.2,-.93,-.93,.08,.08,];
19.97
Fittest 193
x: [-.03,.03,1.98,-1.98,2.3,-2.3,.0,1.09,-1.09,-1.08,1.08,];
y: [1.2,1.2,1.62,1.62,-1.98,-1.98,1.2,-.93,-.93,.08,.08,];
19.97
Fittest 194
x: [-.03,.03,1.98,-1.98,2.3,-2.3,.0,1.09,-1.09,-1.08,1.08,];
y: [1.2,1.2,1.62,1.62,-1.98,-1.98,1.2,-.93,-.93,.08,.08,];
19.97
Fittest 195
x: [-.03,.03,1.98,-1.98,2.3,-2.3,.0,1.09,-1.09,-1.08,1.08,];
y: [1.2,1.2,1.62,1.62,-1.98,-1.98,1.18,-.93,-.93,.08,.08,];
19.97
Fittest 196
x: [-.03,.03,1.98,-1.98,2.3,-2.3,.0,1.09,-1.09,-1.08,1.08,];
y: [1.2,1.2,1.62,1.62,-1.98,-1.98,1.18,-.93,-.93,.08,.08,];
19.97
Fittest 197
x: [-.03,.03,1.98,-1.98,2.3,-2.3,.0,1.09,-1.09,-1.08,1.08,];
y: [1.2,1.2,1.62,1.62,-1.98,-1.98,1.18,-.93,-.93,.08,.08,];
19.97
Fittest 198
x: [-.03,.03,1.98,-1.98,2.3,-2.3,.0,1.09,-1.09,-1.08,1.08,];
y: [1.2,1.2,1.62,1.62,-1.98,-1.98,1.18,-.93,-.93,.08,.08,];
19.97
Fittest 199
x: [-.03,.03,1.98,-1.98,2.3,-2.3,.0,1.09,-1.09,-1.08,1.08,];
y: [1.2,1.2,1.62,1.62,-1.98,-1.98,1.18,-.93,-.93,.08,.08,];
19.97
Fittest 200
x: [-.03,.03,1.98,-1.98,2.3,-2.3,.0,1.09,-1.09,-1.08,1.08,];
y: [1.2,1.2,1.62,1.62,-1.98,-1.98,1.18,-.93,-.93,.08,.08,];
19.97
Fittest 201
x: [-.03,.03,1.98,-1.98,2.3,-2.3,.0,1.09,-1.09,-1.08,1.08,];
y: [1.2,1.2,1.62,1.62,-1.98,-1.98,1.18,-.93,-.93,.08,.08,];
19.97
Fittest 202
x: [-.03,.03,1.98,-1.98,2.3,-2.3,.0,1.09,-1.09,-1.08,1.08,];
y: [1.2,1.2,1.62,1.62,-1.98,-1.98,1.18,-.93,-.93,.08,.08,];
19.97
Fittest 203
x: [-.03,.03,1.98,-1.98,2.3,-2.3,.0,1.09,-1.09,-1.08,1.08,];
y: [1.2,1.2,1.62,1.62,-1.98,-1.98,1.18,-.93,-.93,.08,.08,];
19.97
Fittest 204
x: [-.03,.03,1.98,-1.98,2.3,-2.3,.0,1.09,-1.09,-1.08,1.08,];
y: [1.2,1.2,1.62,1.62,-1.98,-1.98,1.18,-.93,-.93,.08,.08,];
19.97
Fittest 205
x: [-.03,.03,1.98,-1.98,2.3,-2.3,.0,1.09,-1.09,-1.08,1.08,];
y: [1.2,1.2,1.62,1.62,-1.98,-1.98,1.18,-.93,-.93,.08,.08,];
19.97
Fittest 206
x: [-.03,.03,1.98,-1.98,2.3,-2.3,.0,1.09,-1.09,-1.08,1.08,];
y: [1.2,1.2,1.62,1.62,-1.98,-1.98,1.18,-.93,-.93,.08,.08,];
19.97
Fittest 207
x: [-.03,.03,1.98,-1.98,2.3,-2.3,.0,1.09,-1.09,-1.08,1.08,];
y: [1.2,1.2,1.62,1.62,-1.98,-1.98,1.18,-.93,-.93,.08,.08,];
19.97
Fittest 208
x: [-.03,.03,1.98,-1.98,2.3,-2.3,.0,1.09,-1.09,-1.08,1.08,];
y: [1.2,1.2,1.62,1.62,-1.98,-1.98,1.18,-.93,-.93,.08,.08,];
19.97
Fittest 209
x: [-.03,.03,1.98,-1.98,2.3,-2.3,.0,1.09,-1.09,-1.08,1.08,];
y: [1.2,1.2,1.62,1.62,-1.98,-1.98,1.18,-.93,-.93,.08,.08,];
19.97
Fittest 210
x: [-.03,.03,1.98,-1.98,2.3,-2.3,.0,1.09,-1.09,-1.08,1.08,];
y: [1.2,1.2,1.62,1.62,-1.98,-1.98,1.18,-.93,-.93,.08,.08,];
19.97
Fittest 211
x: [-.03,.03,1.98,-1.98,2.3,-2.3,.0,1.09,-1.09,-1.08,1.08,];
y: [1.2,1.2,1.62,1.62,-1.98,-1.98,1.18,-.93,-.93,.08,.08,];
19.97
Fittest 212
x: [-.03,.03,1.98,-1.98,2.3,-2.3,.0,1.09,-1.09,-1.08,1.08,];
y: [1.2,1.2,1.62,1.62,-1.98,-1.98,1.18,-.93,-.93,.08,.08,];
19.97
Fittest 213
x: [-.03,.03,1.98,-1.98,2.3,-2.3,.0,1.09,-1.09,-1.08,1.08,];
y: [1.2,1.2,1.62,1.62,-1.98,-1.98,1.18,-.93,-.93,.08,.08,];
19.97
Fittest 214
x: [-.03,.03,1.98,-1.98,2.3,-2.3,.0,1.09,-1.09,-1.08,1.08,];
y: [1.2,1.2,1.62,1.62,-1.98,-1.98,1.19,-.93,-.93,.08,.08,];
19.97
Fittest 215
x: [-.03,.03,1.98,-1.98,2.3,-2.3,.0,1.09,-1.09,-1.08,1.08,];
y: [1.2,1.2,1.62,1.62,-1.98,-1.98,1.19,-.93,-.93,.08,.08,];
19.97
Fittest 216
x: [-.03,.03,1.98,-1.98,2.3,-2.3,.0,1.09,-1.09,-1.08,1.08,];
y: [1.2,1.2,1.62,1.62,-1.98,-1.98,1.19,-.93,-.93,.08,.08,];
19.97
Fittest 217
x: [-.03,.03,1.98,-1.98,2.3,-2.3,.0,1.09,-1.09,-1.08,1.08,];
y: [1.2,1.2,1.62,1.62,-1.98,-1.98,1.19,-.93,-.93,.08,.08,];
19.97
Fittest 218
x: [-.03,.03,1.98,-1.98,2.3,-2.3,.0,1.09,-1.09,-1.08,1.08,];
y: [1.2,1.2,1.62,1.62,-1.98,-1.98,1.19,-.93,-.93,.08,.08,];
19.97
Fittest 219
x: [-.03,.03,1.98,-1.98,2.3,-2.3,.0,1.09,-1.09,-1.08,1.08,];
y: [1.2,1.2,1.62,1.62,-1.98,-1.98,1.19,-.93,-.93,.08,.08,];
19.97
Fittest 220
x: [-.03,.03,1.98,-1.98,2.3,-2.3,.0,1.09,-1.09,-1.08,1.08,];
y: [1.2,1.2,1.62,1.62,-1.98,-1.98,1.19,-.93,-.93,.08,.08,];
19.97
Fittest 221
x: [-.03,.03,1.98,-1.98,2.3,-2.3,.0,1.09,-1.09,-1.08,1.08,];
y: [1.2,1.2,1.62,1.62,-1.98,-1.98,1.19,-.93,-.93,.08,.08,];
19.97
Fittest 222
x: [-.03,.03,1.98,-1.98,2.3,-2.3,.0,1.09,-1.09,-1.08,1.08,];
y: [1.2,1.2,1.62,1.62,-1.98,-1.98,1.19,-.93,-.93,.08,.08,];
19.97
Fittest 223
x: [-.03,.03,1.98,-1.98,2.3,-2.3,.0,1.09,-1.09,-1.08,1.08,];
y: [1.2,1.2,1.62,1.62,-1.98,-1.98,1.19,-.93,-.93,.08,.08,];
19.97
Fittest 224
x: [-.03,.03,1.98,-1.98,2.3,-2.3,.0,1.09,-1.09,-1.08,1.08,];
y: [1.2,1.2,1.62,1.62,-1.98,-1.98,1.19,-.93,-.93,.08,.08,];
19.97
Fittest 225
x: [-.03,.03,1.98,-1.98,2.3,-2.3,.0,1.09,-1.09,-1.08,1.08,];
y: [1.2,1.2,1.62,1.62,-1.98,-1.98,1.19,-.93,-.93,.08,.08,];
19.97
Fittest 226
x: [-.03,.03,1.98,-1.98,2.3,-2.3,.0,1.09,-1.09,-1.08,1.08,];
y: [1.2,1.2,1.62,1.62,-1.98,-1.98,1.19,-.93,-.93,.08,.08,];
19.97
Fittest 227
x: [-.03,.03,1.98,-1.98,2.3,-2.3,.0,1.09,-1.09,-1.08,1.08,];
y: [1.2,1.2,1.62,1.62,-1.98,-1.98,1.19,-.93,-.93,.08,.08,];
19.97
Fittest 228
x: [-.03,.03,1.98,-1.98,2.3,-2.3,.0,1.09,-1.09,-1.08,1.08,];
y: [1.2,1.2,1.62,1.62,-1.98,-1.98,1.19,-.93,-.93,.08,.08,];
19.97
Fittest 229
x: [-.03,.03,1.98,-1.98,2.3,-2.3,.0,1.09,-1.09,-1.08,1.08,];
y: [1.2,1.2,1.62,1.62,-1.98,-1.98,1.19,-.93,-.93,.08,.08,];
19.97
Fittest 230
x: [-.03,.03,1.98,-1.98,2.3,-2.3,.0,1.09,-1.09,-1.08,1.08,];
y: [1.2,1.2,1.62,1.62,-1.98,-1.98,1.19,-.93,-.93,.08,.08,];
19.97
Fittest 231
x: [-.03,.03,1.98,-1.98,2.3,-2.3,.0,1.09,-1.09,-1.08,1.08,];
y: [1.2,1.2,1.62,1.62,-1.98,-1.98,1.19,-.93,-.93,.08,.08,];
19.97
Fittest 232
x: [-.03,.03,1.98,-1.98,2.3,-2.3,.0,1.09,-1.09,-1.08,1.08,];
y: [1.2,1.2,1.62,1.62,-1.98,-1.98,1.19,-.93,-.93,.08,.08,];
19.97
Fittest 233
x: [-.03,.03,1.98,-1.98,2.3,-2.3,.0,1.09,-1.09,-1.08,1.08,];
y: [1.2,1.2,1.62,1.62,-1.98,-1.98,1.19,-.93,-.93,.08,.08,];
19.97
Fittest 234
x: [-.03,.03,1.98,-1.98,2.3,-2.3,.0,1.09,-1.09,-1.08,1.08,];
y: [1.2,1.2,1.62,1.62,-1.98,-1.98,1.19,-.93,-.93,.08,.08,];
19.97
Fittest 235
x: [-.03,.03,1.98,-1.98,2.3,-2.3,.0,1.09,-1.09,-1.08,1.08,];
y: [1.2,1.2,1.62,1.62,-1.98,-1.98,1.19,-.93,-.93,.08,.08,];
19.97
Fittest 236
x: [-.03,.03,1.98,-1.98,2.3,-2.3,.0,1.09,-1.09,-1.08,1.08,];
y: [1.2,1.2,1.62,1.62,-1.98,-1.98,1.19,-.93,-.93,.08,.08,];
19.97
Fittest 237
x: [-.03,.03,1.98,-1.98,2.3,-2.3,.0,1.09,-1.09,-1.08,1.08,];
y: [1.2,1.2,1.62,1.62,-1.98,-1.98,1.19,-.93,-.93,.08,.08,];
19.97
Fittest 238
x: [-.03,.03,1.98,-1.98,2.3,-2.3,.0,1.09,-1.09,-1.08,1.08,];
y: [1.2,1.2,1.62,1.62,-1.98,-1.98,1.19,-.93,-.93,.08,.08,];
19.97
Fittest 239
x: [-.03,.03,1.98,-1.98,2.3,-2.3,.0,1.09,-1.09,-1.08,1.08,];
y: [1.2,1.2,1.62,1.62,-1.98,-1.98,1.19,-.93,-.93,.08,.08,];
19.97
Fittest 240
x: [-.03,.03,1.98,-1.98,2.3,-2.3,.0,1.09,-1.09,-1.08,1.08,];
y: [1.2,1.2,1.62,1.62,-1.98,-1.98,1.19,-.93,-.93,.08,.08,];
19.97
Fittest 241
x: [-.03,.03,1.98,-1.98,2.3,-2.3,.0,1.09,-1.09,-1.08,1.08,];
y: [1.2,1.2,1.62,1.62,-1.98,-1.98,1.19,-.93,-.93,.08,.08,];
19.97
Fittest 242
x: [-.03,.03,1.98,-1.98,2.3,-2.3,.0,1.09,-1.09,-1.08,1.08,];
y: [1.2,1.2,1.62,1.62,-1.98,-1.98,1.19,-.93,-.93,.08,.08,];
19.97
Fittest 243
x: [-.03,.03,1.98,-1.98,2.3,-2.3,.0,1.09,-1.09,-1.08,1.08,];
y: [1.2,1.2,1.62,1.62,-1.98,-1.98,1.19,-.93,-.93,.08,.08,];
19.97
Fittest 244
x: [-.03,.03,1.98,-1.98,2.3,-2.3,.0,1.09,-1.09,-1.08,1.08,];
y: [1.2,1.2,1.62,1.62,-1.98,-1.98,1.19,-.93,-.93,.08,.08,];
19.97
Fittest 245
x: [-.03,.03,1.98,-1.98,2.3,-2.3,.0,1.09,-1.09,-1.08,1.08,];
y: [1.2,1.2,1.62,1.62,-1.98,-1.98,1.19,-.93,-.93,.08,.08,];
19.97
Fittest 246
x: [-.03,.03,1.98,-1.98,2.3,-2.3,.0,1.09,-1.09,-1.08,1.08,];
y: [1.2,1.2,1.62,1.62,-1.98,-1.98,1.19,-.93,-.93,.08,.08,];
19.97
Fittest 247
x: [-.03,.03,1.98,-1.98,2.3,-2.3,.0,1.09,-1.09,-1.08,1.08,];
y: [1.2,1.2,1.62,1.62,-1.98,-1.98,1.19,-.93,-.93,.08,.08,];
19.97
Fittest 248
x: [-.03,.03,1.98,-1.98,2.3,-2.3,.0,1.09,-1.09,-1.08,1.08,];
y: [1.2,1.2,1.62,1.62,-1.98,-1.98,1.19,-.93,-.93,.08,.08,];
19.97
Fittest 249
x: [-.03,.03,1.98,-1.98,2.3,-2.3,.0,1.09,-1.09,-1.08,1.08,];
y: [1.2,1.2,1.62,1.62,-1.98,-1.98,1.19,-.93,-.93,.08,.08,];
19.97
Fittest 250
x: [-.03,.03,1.98,-1.98,2.3,-2.3,.0,1.09,-1.09,-1.08,1.08,];
y: [1.2,1.2,1.62,1.62,-1.98,-1.98,1.19,-.93,-.93,.08,.08,];
19.97
Fittest 251
x: [-.03,.03,1.98,-1.98,2.3,-2.3,.0,1.09,-1.09,-1.08,1.08,];
y: [1.2,1.2,1.62,1.62,-1.98,-1.98,1.19,-.93,-.93,.08,.08,];
19.97
Fittest 252
x: [-.03,.03,1.98,-1.98,2.3,-2.3,.0,1.09,-1.09,-1.08,1.08,];
y: [1.2,1.2,1.62,1.62,-1.98,-1.98,1.19,-.93,-.93,.08,.08,];
19.97
Fittest 253
x: [-.03,.03,1.98,-1.98,2.3,-2.3,.0,1.09,-1.09,-1.08,1.08,];
y: [1.2,1.2,1.62,1.62,-1.98,-1.98,1.19,-.93,-.93,.08,.08,];
19.97
Fittest 254
x: [-.03,.03,1.98,-1.98,2.3,-2.3,.0,1.09,-1.09,-1.08,1.08,];
y: [1.2,1.2,1.62,1.62,-1.98,-1.98,1.19,-.93,-.93,.08,.08,];
19.97
Fittest 255
x: [-.03,.03,1.85,-1.85,2.3,-2.3,.0,1.09,-1.09,-1.08,1.08,];
y: [1.2,1.2,1.76,1.76,-1.98,-1.98,1.19,-.93,-.93,.08,.08,];
19.95
Fittest 256
x: [-.03,.03,1.85,-1.85,2.3,-2.3,.0,1.09,-1.09,-1.08,1.08,];
y: [1.2,1.2,1.76,1.76,-1.98,-1.98,1.19,-.93,-.93,.08,.08,];
19.95
Fittest 257
x: [-.03,.03,1.85,-1.85,2.3,-2.3,.0,1.09,-1.09,-1.08,1.08,];
y: [1.2,1.2,1.76,1.76,-1.98,-1.98,1.19,-.93,-.93,.08,.08,];
19.95
Fittest 258
x: [-.03,.03,1.85,-1.85,2.3,-2.3,.0,1.09,-1.09,-1.08,1.08,];
y: [1.2,1.2,1.76,1.76,-1.98,-1.98,1.21,-.93,-.93,.08,.08,];
19.95
Fittest 259
x: [-.03,.03,1.85,-1.85,2.3,-2.3,.0,1.09,-1.09,-1.08,1.08,];
y: [1.2,1.2,1.76,1.76,-1.98,-1.98,1.21,-.93,-.93,.08,.08,];
19.95
Fittest 260
x: [-.03,.03,1.85,-1.85,2.3,-2.3,.0,1.09,-1.09,-1.08,1.08,];
y: [1.2,1.2,1.76,1.76,-1.98,-1.98,1.21,-.93,-.93,.08,.08,];
19.95
Fittest 261
x: [-.03,.03,1.85,-1.85,2.3,-2.3,.0,1.09,-1.09,-1.08,1.08,];
y: [1.2,1.2,1.76,1.76,-1.98,-1.98,1.21,-.93,-.93,.08,.08,];
19.95
Fittest 262
x: [-.03,.03,1.85,-1.85,2.3,-2.3,.0,1.09,-1.09,-1.08,1.08,];
y: [1.2,1.2,1.76,1.76,-1.98,-1.98,1.21,-.93,-.93,.08,.08,];
19.95
Fittest 263
x: [-.01,.01,1.85,-1.85,2.3,-2.3,.0,1.09,-1.09,-1.08,1.08,];
y: [1.21,1.21,1.76,1.76,-1.98,-1.98,1.21,-.93,-.93,.08,.08,];
19.95
Fittest 264
x: [-.01,.01,1.85,-1.85,2.3,-2.3,.0,1.09,-1.09,-1.08,1.08,];
y: [1.21,1.21,1.76,1.76,-1.98,-1.98,1.21,-.93,-.93,.08,.08,];
19.95
Fittest 265
x: [-.01,.01,1.85,-1.85,2.3,-2.3,.0,1.09,-1.09,-1.08,1.08,];
y: [1.21,1.21,1.76,1.76,-1.98,-1.98,1.21,-.93,-.93,.08,.08,];
19.95
Fittest 266
x: [-.01,.01,1.85,-1.85,2.3,-2.3,.0,1.09,-1.09,-1.08,1.08,];
y: [1.21,1.21,1.76,1.76,-1.98,-1.98,1.21,-.93,-.93,.08,.08,];
19.95
Fittest 267
x: [-.01,.01,1.85,-1.85,2.3,-2.3,.0,1.09,-1.09,-1.08,1.08,];
y: [1.21,1.21,1.76,1.76,-1.98,-1.98,1.21,-.93,-.93,.08,.08,];
19.95
Fittest 268
x: [-.01,.01,1.85,-1.85,2.3,-2.3,.0,1.09,-1.09,-1.08,1.08,];
y: [1.21,1.21,1.76,1.76,-1.98,-1.98,1.21,-.93,-.93,.08,.08,];
19.95
Fittest 269
x: [-.01,.01,1.85,-1.85,2.3,-2.3,.0,1.09,-1.09,-1.08,1.08,];
y: [1.21,1.21,1.76,1.76,-1.98,-1.98,1.21,-.93,-.93,.08,.08,];
19.95
Fittest 270
x: [-.01,.01,1.85,-1.85,2.3,-2.3,.0,1.09,-1.09,-1.08,1.08,];
y: [1.21,1.21,1.76,1.76,-1.98,-1.98,1.21,-.93,-.93,.08,.08,];
19.95
Fittest 271
x: [-.01,.01,1.85,-1.85,2.3,-2.3,.0,1.09,-1.09,-1.08,1.08,];
y: [1.21,1.21,1.76,1.76,-1.98,-1.98,1.21,-.93,-.93,.08,.08,];
19.95
Fittest 272
x: [-.01,.01,1.85,-1.85,2.3,-2.3,.0,1.09,-1.09,-1.08,1.08,];
y: [1.21,1.21,1.76,1.76,-1.98,-1.98,1.21,-.93,-.93,.08,.08,];
19.95
Fittest 273
x: [-.01,.01,1.85,-1.85,2.3,-2.3,.0,1.09,-1.09,-1.08,1.08,];
y: [1.21,1.21,1.76,1.76,-1.98,-1.98,1.21,-.93,-.93,.08,.08,];
19.95
Fittest 274
x: [-.01,.01,1.85,-1.85,2.3,-2.3,.0,1.09,-1.09,-1.08,1.08,];
y: [1.21,1.21,1.76,1.76,-1.98,-1.98,1.21,-.93,-.93,.08,.08,];
19.95
Fittest 275
x: [-.01,.01,1.85,-1.85,2.3,-2.3,.0,1.09,-1.09,-1.08,1.08,];
y: [1.21,1.21,1.76,1.76,-1.98,-1.98,1.21,-.93,-.93,.08,.08,];
19.95
Fittest 276
x: [-.01,.01,1.85,-1.85,2.3,-2.3,.0,1.09,-1.09,-1.08,1.08,];
y: [1.21,1.21,1.76,1.76,-1.98,-1.98,1.21,-.93,-.93,.08,.08,];
19.95
Fittest 277
x: [-.01,.01,1.85,-1.85,2.34,-2.34,.0,1.09,-1.09,-1.08,1.08,];
y: [1.21,1.21,1.76,1.76,-1.98,-1.98,1.21,-.93,-.93,.08,.08,];
19.95
Fittest 278
x: [-.01,.01,1.85,-1.85,2.34,-2.34,.0,1.09,-1.09,-1.08,1.08,];
y: [1.21,1.21,1.76,1.76,-1.98,-1.98,1.36,-.93,-.93,.08,.08,];
19.94
Fittest 279
x: [-.01,.01,1.85,-1.85,2.34,-2.34,.0,1.09,-1.09,-1.08,1.08,];
y: [1.21,1.21,1.76,1.76,-1.98,-1.98,1.36,-.93,-.93,.08,.08,];
19.94
Fittest 280
x: [-.01,.01,1.85,-1.85,2.34,-2.34,.0,1.09,-1.09,-1.08,1.08,];
y: [1.21,1.21,1.76,1.76,-1.98,-1.98,1.36,-.93,-.93,.08,.08,];
19.94
Fittest 281
x: [-.01,.01,1.85,-1.85,2.34,-2.34,.0,1.09,-1.09,-1.08,1.08,];
y: [1.21,1.21,1.76,1.76,-1.98,-1.98,1.36,-.93,-.93,.08,.08,];
19.94
Fittest 282
x: [-.01,.01,1.85,-1.85,2.34,-2.34,.0,1.09,-1.09,-1.08,1.08,];
y: [1.21,1.21,1.76,1.76,-1.98,-1.98,1.36,-.93,-.93,.08,.08,];
19.94
Fittest 283
x: [-.01,.01,1.85,-1.85,2.34,-2.34,.0,1.09,-1.09,-1.08,1.08,];
y: [1.21,1.21,1.76,1.76,-1.98,-1.98,1.36,-.93,-.93,.08,.08,];
19.94
Fittest 284
x: [-.01,.01,1.85,-1.85,2.34,-2.34,.0,1.09,-1.09,-1.08,1.08,];
y: [1.21,1.21,1.76,1.76,-1.98,-1.98,1.36,-.93,-.93,.08,.08,];
19.94
Fittest 285
x: [-.01,.01,1.85,-1.85,2.34,-2.34,.0,1.09,-1.09,-1.08,1.08,];
y: [1.21,1.21,1.76,1.76,-1.98,-1.98,1.36,-.93,-.93,.08,.08,];
19.94
Fittest 286
x: [-.01,.01,1.85,-1.85,2.34,-2.34,.0,1.09,-1.09,-1.08,1.08,];
y: [1.21,1.21,1.76,1.76,-1.98,-1.98,1.36,-.93,-.93,.08,.08,];
19.94
Fittest 287
x: [-.01,.01,1.85,-1.85,2.34,-2.34,.0,1.09,-1.09,-1.08,1.08,];
y: [1.21,1.21,1.76,1.76,-1.98,-1.98,1.36,-.93,-.93,.08,.08,];
19.94
Fittest 288
x: [-.01,.01,1.85,-1.85,2.34,-2.34,.0,1.09,-1.09,-1.08,1.08,];
y: [1.21,1.21,1.76,1.76,-1.98,-1.98,1.36,-.93,-.93,.08,.08,];
19.94
Fittest 289
x: [-.01,.01,1.85,-1.85,2.34,-2.34,.0,1.09,-1.09,-1.08,1.08,];
y: [1.21,1.21,1.76,1.76,-1.98,-1.98,1.36,-.93,-.93,.08,.08,];
19.94
Fittest 290
x: [-.01,.01,1.85,-1.85,2.34,-2.34,.0,1.09,-1.09,-1.08,1.08,];
y: [1.21,1.21,1.76,1.76,-1.98,-1.98,1.36,-.93,-.93,.08,.08,];
19.94
Fittest 291
x: [-.01,.01,1.85,-1.85,2.34,-2.34,.0,1.09,-1.09,-1.08,1.08,];
y: [1.21,1.21,1.76,1.76,-1.98,-1.98,1.36,-.93,-.93,.08,.08,];
19.94
Fittest 292
x: [-.01,.01,1.85,-1.85,2.34,-2.34,.0,1.09,-1.09,-1.08,1.08,];
y: [1.21,1.21,1.76,1.76,-1.98,-1.98,1.36,-.93,-.93,.08,.08,];
19.94
Fittest 293
x: [-.01,.01,1.85,-1.85,2.34,-2.34,.0,1.09,-1.09,-1.08,1.08,];
y: [1.21,1.21,1.76,1.76,-1.98,-1.98,1.36,-.93,-.93,.08,.08,];
19.94
Fittest 294
x: [-.01,.01,1.85,-1.85,2.34,-2.34,.0,1.09,-1.09,-1.08,1.08,];
y: [1.21,1.21,1.76,1.76,-1.98,-1.98,1.36,-.93,-.93,.08,.08,];
19.94
Fittest 295
x: [-.01,.01,1.85,-1.85,2.34,-2.34,.0,1.09,-1.09,-1.08,1.08,];
y: [1.21,1.21,1.76,1.76,-1.98,-1.98,1.36,-.93,-.93,.08,.08,];
19.94
Fittest 296
x: [-.01,.01,1.85,-1.85,2.34,-2.34,.0,1.09,-1.09,-1.08,1.08,];
y: [1.21,1.21,1.76,1.76,-1.98,-1.98,1.36,-.93,-.93,.08,.08,];
19.94
Fittest 297
x: [-.01,.01,1.85,-1.85,2.34,-2.34,.0,1.09,-1.09,-1.08,1.08,];
y: [1.21,1.21,1.76,1.76,-1.98,-1.98,1.36,-.93,-.93,.08,.08,];
19.94
Fittest 298
x: [-.01,.01,1.85,-1.85,2.34,-2.34,.0,1.09,-1.09,-1.08,1.08,];
y: [1.21,1.21,1.76,1.76,-1.98,-1.98,1.36,-.93,-.93,.08,.08,];
19.94
Fittest 299
x: [-.01,.01,1.85,-1.85,2.34,-2.34,.0,1.09,-1.09,-1.08,1.08,];
y: [1.21,1.21,1.76,1.76,-1.98,-1.98,1.36,-.93,-.93,.08,.08,];
19.94
Fittest 300
x: [-.01,.01,1.85,-1.85,2.34,-2.34,.0,1.09,-1.09,-1.08,1.08,];
y: [1.21,1.21,1.76,1.76,-1.98,-1.98,1.36,-.93,-.93,.08,.08,];
19.94
Fittest 301
x: [-.01,.01,1.85,-1.85,2.34,-2.34,.0,1.09,-1.09,-1.08,1.08,];
y: [1.21,1.21,1.76,1.76,-1.98,-1.98,1.36,-.93,-.93,.08,.08,];
19.94
Fittest 302
x: [-.01,.01,1.85,-1.85,2.34,-2.34,.0,1.09,-1.09,-1.08,1.08,];
y: [1.21,1.21,1.76,1.76,-1.98,-1.98,1.36,-.93,-.93,.08,.08,];
19.94
Fittest 303
x: [-.01,.01,1.85,-1.85,2.34,-2.34,.0,1.09,-1.09,-1.08,1.08,];
y: [1.21,1.21,1.76,1.76,-1.98,-1.98,1.36,-.93,-.93,.08,.08,];
19.94
Fittest 304
x: [-.01,.01,1.85,-1.85,2.34,-2.34,.0,1.09,-1.09,-1.08,1.08,];
y: [1.21,1.21,1.76,1.76,-1.98,-1.98,1.36,-.93,-.93,.08,.08,];
19.94
Fittest 305
x: [-.01,.01,1.85,-1.85,2.34,-2.34,.0,1.09,-1.09,-1.08,1.08,];
y: [1.21,1.21,1.76,1.76,-1.98,-1.98,1.36,-.93,-.93,.08,.08,];
19.94
Fittest 306
x: [-.01,.01,1.85,-1.85,2.34,-2.34,.0,1.09,-1.09,-1.08,1.08,];
y: [1.21,1.21,1.76,1.76,-1.98,-1.98,1.34,-.93,-.93,.08,.08,];
19.94
Fittest 307
x: [-.01,.01,1.85,-1.85,2.34,-2.34,.0,1.09,-1.09,-1.08,1.08,];
y: [1.21,1.21,1.76,1.76,-1.98,-1.98,1.34,-.93,-.93,.08,.08,];
19.94
Fittest 308
x: [-.01,.01,1.85,-1.85,2.34,-2.34,.0,1.09,-1.09,-1.08,1.08,];
y: [1.21,1.21,1.76,1.76,-1.98,-1.98,1.34,-.93,-.93,.08,.08,];
19.94
Fittest 309
x: [-.01,.01,1.85,-1.85,2.34,-2.34,.0,1.09,-1.09,-1.08,1.08,];
y: [1.21,1.21,1.76,1.76,-1.98,-1.98,1.34,-.93,-.93,.08,.08,];
19.94
Fittest 310
x: [-.01,.01,1.85,-1.85,2.34,-2.34,.0,1.09,-1.09,-1.08,1.08,];
y: [1.21,1.21,1.76,1.76,-1.98,-1.98,1.34,-.93,-.93,.08,.08,];
19.94
Fittest 311
x: [-.01,.01,1.85,-1.85,2.34,-2.34,.0,1.09,-1.09,-1.08,1.08,];
y: [1.21,1.21,1.76,1.76,-1.98,-1.98,1.34,-.93,-.93,.08,.08,];
19.94
Fittest 312
x: [-.01,.01,1.85,-1.85,2.34,-2.34,.0,1.09,-1.09,-1.08,1.08,];
y: [1.21,1.21,1.76,1.76,-1.98,-1.98,1.34,-.93,-.93,.08,.08,];
19.94
Fittest 313
x: [-.01,.01,1.85,-1.85,2.34,-2.34,.0,1.09,-1.09,-1.08,1.08,];
y: [1.21,1.21,1.76,1.76,-1.98,-1.98,1.34,-.93,-.93,.08,.08,];
19.94
Fittest 314
x: [-.01,.01,1.85,-1.85,2.34,-2.34,.0,1.09,-1.09,-1.08,1.08,];
y: [1.21,1.21,1.76,1.76,-1.98,-1.98,1.34,-.93,-.93,.08,.08,];
19.94
Fittest 315
x: [-.01,.01,1.85,-1.85,2.34,-2.34,.0,1.09,-1.09,-1.08,1.08,];
y: [1.21,1.21,1.76,1.76,-1.98,-1.98,1.34,-.93,-.93,.08,.08,];
19.94
Fittest 316
x: [-.01,.01,1.85,-1.85,2.34,-2.34,.0,1.09,-1.09,-1.16,1.16,];
y: [1.21,1.21,1.76,1.76,-1.98,-1.98,1.34,-.93,-.93,-.06,-.06,];
19.94
Fittest 317
x: [-.01,.01,1.85,-1.85,2.34,-2.34,.0,1.09,-1.09,-1.16,1.16,];
y: [1.21,1.21,1.76,1.76,-1.98,-1.98,1.34,-.93,-.93,-.06,-.06,];
19.94
Fittest 318
x: [-.01,.01,1.85,-1.85,2.34,-2.34,.0,1.09,-1.09,-1.16,1.16,];
y: [1.21,1.21,1.76,1.76,-1.98,-1.98,1.34,-.93,-.93,-.06,-.06,];
19.94
Fittest 319
x: [-.01,.01,1.85,-1.85,2.34,-2.34,.0,1.09,-1.09,-1.16,1.16,];
y: [1.21,1.21,1.76,1.76,-1.98,-1.98,1.34,-.93,-.93,-.06,-.06,];
19.94
Fittest 320
x: [-.01,.01,1.85,-1.85,2.34,-2.34,.0,1.09,-1.09,-1.16,1.16,];
y: [1.21,1.21,1.76,1.76,-1.98,-1.98,1.34,-.93,-.93,-.06,-.06,];
19.94
Fittest 321
x: [-.01,.01,1.85,-1.85,2.34,-2.34,.0,1.09,-1.09,-1.16,1.16,];
y: [1.21,1.21,1.76,1.76,-1.98,-1.98,1.34,-.93,-.93,-.06,-.06,];
19.94
Fittest 322
x: [-.01,.01,1.85,-1.85,2.34,-2.34,.0,1.09,-1.09,-1.16,1.16,];
y: [1.21,1.21,1.76,1.76,-1.98,-1.98,1.34,-.93,-.93,-.06,-.06,];
19.94
Fittest 323
x: [-.01,.01,1.85,-1.85,2.34,-2.34,.0,1.09,-1.09,-1.16,1.16,];
y: [1.21,1.21,1.76,1.76,-1.98,-1.98,1.34,-.93,-.93,-.06,-.06,];
19.94
Fittest 324
x: [-.01,.01,1.85,-1.85,2.34,-2.34,.0,1.09,-1.09,-1.16,1.16,];
y: [1.21,1.21,1.76,1.76,-1.98,-1.98,1.34,-.93,-.93,-.06,-.06,];
19.94
Fittest 325
x: [-.01,.01,1.85,-1.85,2.34,-2.34,.0,1.09,-1.09,-1.16,1.16,];
y: [1.21,1.21,1.76,1.76,-1.98,-1.98,1.34,-.93,-.93,-.06,-.06,];
19.94
Fittest 326
x: [-.01,.01,1.85,-1.85,2.34,-2.34,.0,1.09,-1.09,-1.16,1.16,];
y: [1.21,1.21,1.76,1.76,-1.98,-1.98,1.34,-.93,-.93,-.06,-.06,];
19.94
Fittest 327
x: [-.01,.01,1.85,-1.85,2.34,-2.34,.0,1.09,-1.09,-1.16,1.16,];
y: [1.21,1.21,1.76,1.76,-1.98,-1.98,1.34,-.93,-.93,-.06,-.06,];
19.94
Fittest 328
x: [-.01,.01,1.85,-1.85,2.34,-2.34,.0,1.09,-1.09,-1.16,1.16,];
y: [1.21,1.21,1.76,1.76,-1.98,-1.98,1.34,-.93,-.93,-.06,-.06,];
19.94
Fittest 329
x: [-.01,.01,1.85,-1.85,2.34,-2.34,.0,1.09,-1.09,-1.16,1.16,];
y: [1.21,1.21,1.76,1.76,-1.98,-1.98,1.34,-.93,-.93,-.06,-.06,];
19.94
Fittest 330
x: [-.01,.01,1.85,-1.85,2.34,-2.34,.0,1.09,-1.09,-1.16,1.16,];
y: [1.21,1.21,1.76,1.76,-1.98,-1.98,1.34,-.93,-.93,-.06,-.06,];
19.94
Fittest 331
x: [-.01,.01,1.85,-1.85,2.34,-2.34,.0,1.09,-1.09,-1.16,1.16,];
y: [1.21,1.21,1.76,1.76,-1.98,-1.98,1.34,-.93,-.93,-.06,-.06,];
19.94
Fittest 332
x: [-.01,.01,1.85,-1.85,2.34,-2.34,.0,1.09,-1.09,-1.16,1.16,];
y: [1.21,1.21,1.76,1.76,-1.98,-1.98,1.33,-.93,-.93,-.06,-.06,];
19.94
Fittest 333
x: [-.01,.01,1.85,-1.85,2.34,-2.34,.0,1.09,-1.09,-1.16,1.16,];
y: [1.21,1.21,1.76,1.76,-1.98,-1.98,1.33,-.93,-.93,-.06,-.06,];
19.94
Fittest 334
x: [-.01,.01,1.85,-1.85,2.34,-2.34,.0,1.09,-1.09,-1.16,1.16,];
y: [1.21,1.21,1.76,1.76,-1.98,-1.98,1.33,-.93,-.93,-.06,-.06,];
19.94
Fittest 335
x: [-.01,.01,1.85,-1.85,2.34,-2.34,.0,1.09,-1.09,-1.16,1.16,];
y: [1.21,1.21,1.76,1.76,-1.98,-1.98,1.33,-.93,-.93,-.06,-.06,];
19.94
Fittest 336
x: [-.01,.01,1.85,-1.85,2.34,-2.34,.0,1.09,-1.09,-1.16,1.16,];
y: [1.21,1.21,1.76,1.76,-1.98,-1.98,1.33,-.93,-.93,-.06,-.06,];
19.94
Fittest 337
x: [-.01,.01,1.85,-1.85,2.34,-2.34,.0,1.09,-1.09,-1.16,1.16,];
y: [1.21,1.21,1.76,1.76,-1.98,-1.98,1.33,-.93,-.93,-.06,-.06,];
19.94
Fittest 338
x: [-.01,.01,1.85,-1.85,2.34,-2.34,.0,1.09,-1.09,-1.16,1.16,];
y: [1.21,1.21,1.76,1.76,-1.98,-1.98,1.33,-.93,-.93,-.06,-.06,];
19.94
Fittest 339
x: [-.01,.01,1.85,-1.85,2.34,-2.34,.0,1.09,-1.09,-1.16,1.16,];
y: [1.21,1.21,1.76,1.76,-1.98,-1.98,1.33,-.93,-.93,-.06,-.06,];
19.94
Fittest 340
x: [-.01,.01,1.85,-1.85,2.34,-2.34,.0,1.09,-1.09,-1.16,1.16,];
y: [1.21,1.21,1.76,1.76,-1.98,-1.98,1.33,-.93,-.93,-.06,-.06,];
19.94
Fittest 341
x: [-.01,.01,1.85,-1.85,2.34,-2.34,.0,1.09,-1.09,-1.16,1.16,];
y: [1.21,1.21,1.76,1.76,-1.98,-1.98,1.33,-.93,-.93,-.06,-.06,];
19.94
Fittest 342
x: [-.01,.01,1.85,-1.85,2.34,-2.34,.0,1.09,-1.09,-1.16,1.16,];
y: [1.21,1.21,1.76,1.76,-1.98,-1.98,1.32,-.93,-.93,-.06,-.06,];
19.94
Fittest 343
x: [-.01,.01,1.85,-1.85,2.34,-2.34,.0,1.09,-1.09,-1.16,1.16,];
y: [1.21,1.21,1.76,1.76,-1.98,-1.98,1.32,-.93,-.93,-.06,-.06,];
19.94
Fittest 344
x: [-.01,.01,1.85,-1.85,2.34,-2.34,.0,1.09,-1.09,-1.16,1.16,];
y: [1.21,1.21,1.76,1.76,-1.98,-1.98,1.32,-.93,-.93,-.06,-.06,];
19.94
Fittest 345
x: [-.01,.01,1.85,-1.85,2.34,-2.34,.0,1.09,-1.09,-1.16,1.16,];
y: [1.21,1.21,1.76,1.76,-1.98,-1.98,1.32,-.93,-.93,-.06,-.06,];
19.94
Fittest 346
x: [-.01,.01,1.85,-1.85,2.34,-2.34,.0,1.09,-1.09,-1.16,1.16,];
y: [1.21,1.21,1.76,1.76,-1.98,-1.98,1.32,-.93,-.93,-.06,-.06,];
19.94
Fittest 347
x: [-.01,.01,1.85,-1.85,2.34,-2.34,.0,1.09,-1.09,-1.16,1.16,];
y: [1.21,1.21,1.76,1.76,-1.98,-1.98,1.32,-.93,-.93,-.06,-.06,];
19.94
Fittest 348
x: [-.01,.01,1.85,-1.85,2.34,-2.34,.0,1.09,-1.09,-1.16,1.16,];
y: [1.21,1.21,1.76,1.76,-1.98,-1.98,1.32,-.93,-.93,-.06,-.06,];
19.94
Fittest 349
x: [-.01,.01,1.85,-1.85,2.34,-2.34,.0,1.09,-1.09,-1.16,1.16,];
y: [1.21,1.21,1.76,1.76,-1.98,-1.98,1.3,-.93,-.93,-.06,-.06,];
19.94
Fittest 350
x: [-.01,.01,1.85,-1.85,2.34,-2.34,.0,1.09,-1.09,-1.16,1.16,];
y: [1.21,1.21,1.76,1.76,-1.98,-1.98,1.3,-.93,-.93,-.06,-.06,];
19.94
Fittest 351
x: [-.01,.01,1.85,-1.85,2.34,-2.34,.0,1.09,-1.09,-1.16,1.16,];
y: [1.21,1.21,1.76,1.76,-1.98,-1.98,1.3,-.93,-.93,-.06,-.06,];
19.94
Fittest 352
x: [-.01,.01,1.85,-1.85,2.34,-2.34,.0,1.09,-1.09,-1.16,1.16,];
y: [1.21,1.21,1.76,1.76,-1.98,-1.98,1.3,-.93,-.93,-.06,-.06,];
19.94
Fittest 353
x: [-.01,.01,1.85,-1.85,2.34,-2.34,.0,1.09,-1.09,-1.16,1.16,];
y: [1.21,1.21,1.76,1.76,-1.98,-1.98,1.3,-.93,-.93,-.06,-.06,];
19.94
Fittest 354
x: [-.01,.01,1.85,-1.85,2.34,-2.34,.0,1.09,-1.09,-1.16,1.16,];
y: [1.21,1.21,1.76,1.76,-1.98,-1.98,1.3,-.93,-.93,-.06,-.06,];
19.94
Fittest 355
x: [-.01,.01,1.85,-1.85,2.34,-2.34,.0,1.09,-1.09,-1.16,1.16,];
y: [1.21,1.21,1.76,1.76,-1.98,-1.98,1.3,-.93,-.93,-.06,-.06,];
19.94
Fittest 356
x: [-.01,.01,1.85,-1.85,2.34,-2.34,.0,1.09,-1.09,-1.16,1.16,];
y: [1.21,1.21,1.76,1.76,-1.98,-1.98,1.3,-.93,-.93,-.06,-.06,];
19.94
Fittest 357
x: [-.01,.01,1.85,-1.85,2.34,-2.34,.0,1.09,-1.09,-1.16,1.16,];
y: [1.21,1.21,1.76,1.76,-1.98,-1.98,1.3,-.93,-.93,-.06,-.06,];
19.94
Fittest 358
x: [-.01,.01,1.85,-1.85,2.34,-2.34,.0,1.09,-1.09,-1.16,1.16,];
y: [1.21,1.21,1.76,1.76,-1.98,-1.98,1.3,-.93,-.93,-.06,-.06,];
19.94
Fittest 359
x: [-.01,.01,1.85,-1.85,2.34,-2.34,.0,1.09,-1.09,-1.16,1.16,];
y: [1.21,1.21,1.76,1.76,-1.98,-1.98,1.3,-.93,-.93,-.06,-.06,];
19.94
Fittest 360
x: [-.01,.01,1.85,-1.85,2.34,-2.34,.0,1.09,-1.09,-1.16,1.16,];
y: [1.21,1.21,1.76,1.76,-1.98,-1.98,1.3,-.93,-.93,-.06,-.06,];
19.94
Fittest 361
x: [-.01,.01,1.85,-1.85,2.34,-2.34,.0,1.09,-1.09,-1.16,1.16,];
y: [1.21,1.21,1.76,1.76,-1.98,-1.98,1.3,-.93,-.93,-.06,-.06,];
19.94
Fittest 362
x: [-.01,.01,1.85,-1.85,2.34,-2.34,.0,1.09,-1.09,-1.16,1.16,];
y: [1.21,1.21,1.76,1.76,-1.98,-1.98,1.3,-.93,-.93,-.06,-.06,];
19.94
Fittest 363
x: [-.01,.01,1.85,-1.85,2.34,-2.34,.0,1.09,-1.09,-1.16,1.16,];
y: [1.21,1.21,1.76,1.76,-1.98,-1.98,1.3,-.93,-.93,-.06,-.06,];
19.94
Fittest 364
x: [-.01,.01,1.85,-1.85,2.34,-2.34,.0,1.09,-1.09,-1.16,1.16,];
y: [1.21,1.21,1.76,1.76,-1.98,-1.98,1.3,-.93,-.93,-.06,-.06,];
19.94
Fittest 365
x: [-.01,.01,1.85,-1.85,2.34,-2.34,.0,1.09,-1.09,-1.16,1.16,];
y: [1.21,1.21,1.76,1.76,-1.98,-1.98,1.3,-.93,-.93,-.06,-.06,];
19.94
Fittest 366
x: [-.01,.01,1.85,-1.85,2.34,-2.34,.0,1.09,-1.09,-1.16,1.16,];
y: [1.21,1.21,1.76,1.76,-1.98,-1.98,1.3,-.93,-.93,-.06,-.06,];
19.94
Fittest 367
x: [-.01,.01,1.85,-1.85,2.34,-2.34,.0,1.09,-1.09,-1.16,1.16,];
y: [1.21,1.21,1.76,1.76,-1.98,-1.98,1.3,-.93,-.93,-.06,-.06,];
19.94
Fittest 368
x: [-.01,.01,1.85,-1.85,2.34,-2.34,.0,1.09,-1.09,-1.16,1.16,];
y: [1.21,1.21,1.76,1.76,-1.98,-1.98,1.3,-.93,-.93,-.06,-.06,];
19.94
Fittest 369
x: [-.01,.01,1.85,-1.85,2.34,-2.34,.0,1.09,-1.09,-1.16,1.16,];
y: [1.21,1.21,1.76,1.76,-1.98,-1.98,1.3,-.93,-.93,-.06,-.06,];
19.94
Fittest 370
x: [-.01,.01,1.85,-1.85,2.34,-2.34,.0,1.09,-1.09,-1.16,1.16,];
y: [1.21,1.21,1.76,1.76,-1.98,-1.98,1.3,-.93,-.93,-.06,-.06,];
19.94
Fittest 371
x: [-.01,.01,1.85,-1.85,2.34,-2.34,.0,1.09,-1.09,-1.16,1.16,];
y: [1.21,1.21,1.76,1.76,-1.98,-1.98,1.3,-.93,-.93,-.06,-.06,];
19.94
Fittest 372
x: [-.01,.01,1.85,-1.85,2.34,-2.34,.0,1.09,-1.09,-1.16,1.16,];
y: [1.21,1.21,1.76,1.76,-1.98,-1.98,1.3,-.93,-.93,-.06,-.06,];
19.94
Fittest 373
x: [-.01,.01,1.85,-1.85,2.34,-2.34,.0,1.09,-1.09,-1.16,1.16,];
y: [1.21,1.21,1.76,1.76,-1.98,-1.98,1.3,-.93,-.93,-.06,-.06,];
19.94
Fittest 374
x: [-.01,.01,1.85,-1.85,2.34,-2.34,.0,1.09,-1.09,-1.16,1.16,];
y: [1.21,1.21,1.76,1.76,-1.98,-1.98,1.3,-.93,-.93,-.06,-.06,];
19.94
Fittest 375
x: [-.01,.01,1.85,-1.85,2.34,-2.34,.0,1.09,-1.09,-1.16,1.16,];
y: [1.21,1.21,1.76,1.76,-1.98,-1.98,1.3,-.93,-.93,-.06,-.06,];
19.94
Fittest 376
x: [-.01,.01,1.85,-1.85,2.34,-2.34,.0,1.09,-1.09,-1.16,1.16,];
y: [1.21,1.21,1.76,1.76,-1.98,-1.98,1.3,-.93,-.93,-.06,-.06,];
19.94
Fittest 377
x: [-.01,.01,1.85,-1.85,2.34,-2.34,.0,1.09,-1.09,-1.16,1.16,];
y: [1.21,1.21,1.76,1.76,-1.98,-1.98,1.3,-.93,-.93,-.06,-.06,];
19.94
Fittest 378
x: [-.01,.01,1.85,-1.85,2.34,-2.34,.0,1.09,-1.09,-1.16,1.16,];
y: [1.21,1.21,1.76,1.76,-1.98,-1.98,1.3,-.93,-.93,-.06,-.06,];
19.94
Fittest 379
x: [-.01,.01,1.85,-1.85,2.34,-2.34,.0,1.09,-1.09,-1.16,1.16,];
y: [1.21,1.21,1.76,1.76,-1.98,-1.98,1.3,-.93,-.93,-.06,-.06,];
19.94
Fittest 380
x: [-.01,.01,1.85,-1.85,2.34,-2.34,.0,1.09,-1.09,-1.16,1.16,];
y: [1.21,1.21,1.76,1.76,-1.98,-1.98,1.3,-.93,-.93,-.06,-.06,];
19.94
Fittest 381
x: [-.01,.01,1.85,-1.85,2.34,-2.34,.0,1.09,-1.09,-1.16,1.16,];
y: [1.21,1.21,1.76,1.76,-1.98,-1.98,1.3,-.93,-.93,-.06,-.06,];
19.94
Fittest 382
x: [-.01,.01,1.85,-1.85,2.34,-2.34,.0,1.09,-1.09,-1.16,1.16,];
y: [1.21,1.21,1.76,1.76,-1.98,-1.98,1.3,-.93,-.93,-.06,-.06,];
19.94
Fittest 383
x: [-.01,.01,1.85,-1.85,2.34,-2.34,.0,1.09,-1.09,-1.16,1.16,];
y: [1.21,1.21,1.76,1.76,-1.98,-1.98,1.3,-.93,-.93,-.06,-.06,];
19.94
Fittest 384
x: [-.01,.01,1.85,-1.85,2.34,-2.34,.0,1.09,-1.09,-1.16,1.16,];
y: [1.21,1.21,1.76,1.76,-1.98,-1.98,1.3,-.93,-.93,-.06,-.06,];
19.94
Fittest 385
x: [-.01,.01,1.85,-1.85,2.34,-2.34,.0,1.09,-1.09,-1.16,1.16,];
y: [1.21,1.21,1.76,1.76,-1.98,-1.98,1.3,-.93,-.93,-.06,-.06,];
19.94
Fittest 386
x: [-.01,.01,1.85,-1.85,2.34,-2.34,.0,1.09,-1.09,-1.16,1.16,];
y: [1.21,1.21,1.76,1.76,-1.98,-1.98,1.3,-.93,-.93,-.06,-.06,];
19.94
Fittest 387
x: [-.01,.01,1.85,-1.85,2.34,-2.34,.0,1.09,-1.09,-1.16,1.16,];
y: [1.21,1.21,1.76,1.76,-1.98,-1.98,1.3,-.93,-.93,-.06,-.06,];
19.94
Fittest 388
x: [-.01,.01,1.85,-1.85,2.34,-2.34,.0,1.09,-1.09,-1.16,1.16,];
y: [1.21,1.21,1.76,1.76,-1.98,-1.98,1.3,-.93,-.93,-.06,-.06,];
19.94
Fittest 389
x: [-.01,.01,1.85,-1.85,2.34,-2.34,.0,1.09,-1.09,-1.16,1.16,];
y: [1.21,1.21,1.76,1.76,-1.98,-1.98,1.3,-.93,-.93,-.06,-.06,];
19.94
Fittest 390
x: [-.01,.01,1.85,-1.85,2.34,-2.34,.0,1.09,-1.09,-1.16,1.16,];
y: [1.21,1.21,1.76,1.76,-1.98,-1.98,1.3,-.93,-.93,-.06,-.06,];
19.94
Fittest 391
x: [-.01,.01,1.85,-1.85,2.34,-2.34,.0,1.09,-1.09,-1.16,1.16,];
y: [1.21,1.21,1.76,1.76,-1.98,-1.98,1.3,-.93,-.93,-.06,-.06,];
19.94
Fittest 392
x: [-.01,.01,1.85,-1.85,2.34,-2.34,.0,1.09,-1.09,-1.16,1.16,];
y: [1.21,1.21,1.76,1.76,-1.98,-1.98,1.3,-.93,-.93,-.06,-.06,];
19.94
Fittest 393
x: [-.01,.01,1.85,-1.85,2.34,-2.34,.0,1.09,-1.09,-1.16,1.16,];
y: [1.21,1.21,1.76,1.76,-1.98,-1.98,1.3,-.93,-.93,-.06,-.06,];
19.94
Fittest 394
x: [-.01,.01,1.85,-1.85,2.34,-2.34,.0,1.09,-1.09,-1.16,1.16,];
y: [1.21,1.21,1.76,1.76,-1.98,-1.98,1.3,-.93,-.93,-.06,-.06,];
19.94
Fittest 395
x: [-.01,.01,1.85,-1.85,2.34,-2.34,.0,1.09,-1.09,-1.16,1.16,];
y: [1.21,1.21,1.76,1.76,-1.98,-1.98,1.3,-.93,-.93,-.06,-.06,];
19.94
Fittest 396
x: [-.01,.01,1.85,-1.85,2.34,-2.34,.0,1.09,-1.09,-1.16,1.16,];
y: [1.21,1.21,1.76,1.76,-1.98,-1.98,1.3,-.93,-.93,-.06,-.06,];
19.94
Fittest 397
x: [-.01,.01,1.85,-1.85,2.34,-2.34,.0,1.09,-1.09,-1.16,1.16,];
y: [1.21,1.21,1.76,1.76,-1.98,-1.98,1.3,-.93,-.93,-.06,-.06,];
19.94
Fittest 398
x: [-.01,.01,1.85,-1.85,2.34,-2.34,.0,1.09,-1.09,-1.16,1.16,];
y: [1.21,1.21,1.76,1.76,-1.98,-1.98,1.3,-.93,-.93,-.06,-.06,];
19.94
Fittest 399
x: [-.01,.01,1.85,-1.85,2.34,-2.34,.0,1.09,-1.09,-1.16,1.16,];
y: [1.21,1.21,1.76,1.76,-1.98,-1.98,1.3,-.93,-.93,-.06,-.06,];
19.94
Fittest 400
x: [-.01,.01,1.85,-1.85,2.34,-2.34,.0,1.09,-1.09,-1.16,1.16,];
y: [1.21,1.21,1.76,1.76,-1.98,-1.98,1.3,-.93,-.93,-.06,-.06,];
19.94
Fittest 401
x: [-.01,.01,1.85,-1.85,2.34,-2.34,.0,1.09,-1.09,-1.16,1.16,];
y: [1.21,1.21,1.76,1.76,-1.98,-1.98,1.3,-.93,-.93,-.06,-.06,];
19.94
Fittest 402
x: [-.01,.01,1.85,-1.85,2.34,-2.34,.0,1.09,-1.09,-1.16,1.16,];
y: [1.21,1.21,1.76,1.76,-1.98,-1.98,1.3,-.93,-.93,-.06,-.06,];
19.94
Fittest 403
x: [-.01,.01,1.85,-1.85,2.34,-2.34,.0,1.09,-1.09,-1.16,1.16,];
y: [1.21,1.21,1.76,1.76,-1.98,-1.98,1.3,-.93,-.93,-.06,-.06,];
19.94
Fittest 404
x: [-.01,.01,1.85,-1.85,2.34,-2.34,.0,1.09,-1.09,-1.16,1.16,];
y: [1.21,1.21,1.76,1.76,-1.98,-1.98,1.3,-.93,-.93,-.06,-.06,];
19.94
Fittest 405
x: [-.01,.01,1.85,-1.85,2.34,-2.34,.0,1.09,-1.09,-1.16,1.16,];
y: [1.21,1.21,1.76,1.76,-1.98,-1.98,1.3,-.93,-.93,-.06,-.06,];
19.94
Fittest 406
x: [-.01,.01,1.85,-1.85,2.34,-2.34,.0,1.09,-1.09,-1.16,1.16,];
y: [1.21,1.21,1.76,1.76,-1.98,-1.98,1.3,-.93,-.93,-.06,-.06,];
19.94
Fittest 407
x: [-.01,.01,1.85,-1.85,2.34,-2.34,.0,1.09,-1.09,-1.16,1.16,];
y: [1.21,1.21,1.76,1.76,-1.98,-1.98,1.3,-.93,-.93,-.06,-.06,];
19.94
Fittest 408
x: [-.01,.01,1.85,-1.85,2.34,-2.34,.0,1.09,-1.09,-1.16,1.16,];
y: [1.21,1.21,1.76,1.76,-1.98,-1.98,1.3,-.93,-.93,-.06,-.06,];
19.94
Fittest 409
x: [-.01,.01,1.85,-1.85,2.34,-2.34,.0,1.09,-1.09,-1.16,1.16,];
y: [1.21,1.21,1.76,1.76,-1.98,-1.98,1.3,-.93,-.93,-.06,-.06,];
19.94
Fittest 410
x: [-.01,.01,1.85,-1.85,2.34,-2.34,.0,1.09,-1.09,-1.16,1.16,];
y: [1.21,1.21,1.76,1.76,-1.98,-1.98,1.3,-.93,-.93,-.06,-.06,];
19.94
Fittest 411
x: [-.01,.01,1.85,-1.85,2.34,-2.34,.0,1.09,-1.09,-1.16,1.16,];
y: [1.21,1.21,1.76,1.76,-1.98,-1.98,1.3,-.93,-.93,-.06,-.06,];
19.94
Fittest 412
x: [-.01,.01,1.85,-1.85,2.34,-2.34,.0,1.09,-1.09,-1.16,1.16,];
y: [1.21,1.21,1.76,1.76,-1.98,-1.98,1.3,-.93,-.93,-.06,-.06,];
19.94
Fittest 413
x: [-.01,.01,1.85,-1.85,2.34,-2.34,.0,1.09,-1.09,-1.16,1.16,];
y: [1.21,1.21,1.76,1.76,-1.98,-1.98,1.3,-.93,-.93,-.06,-.06,];
19.94
Fittest 414
x: [-.01,.01,1.85,-1.85,2.34,-2.34,.0,1.09,-1.09,-1.16,1.16,];
y: [1.21,1.21,1.76,1.76,-1.98,-1.98,1.3,-.93,-.93,-.06,-.06,];
19.94
Fittest 415
x: [-.01,.01,1.85,-1.85,2.34,-2.34,.0,1.09,-1.09,-1.16,1.16,];
y: [1.21,1.21,1.76,1.76,-1.98,-1.98,1.3,-.93,-.93,-.06,-.06,];
19.94
Fittest 416
x: [-.01,.01,1.85,-1.85,2.34,-2.34,.0,1.09,-1.09,-1.16,1.16,];
y: [1.21,1.21,1.76,1.76,-1.98,-1.98,1.3,-.93,-.93,-.06,-.06,];
19.94
Fittest 417
x: [-.01,.01,1.85,-1.85,2.34,-2.34,.0,1.09,-1.09,-1.16,1.16,];
y: [1.21,1.21,1.76,1.76,-1.98,-1.98,1.3,-.93,-.93,-.06,-.06,];
19.94
Fittest 418
x: [-.01,.01,1.85,-1.85,2.34,-2.34,.0,1.09,-1.09,-1.16,1.16,];
y: [1.21,1.21,1.76,1.76,-1.98,-1.98,1.3,-.93,-.93,-.06,-.06,];
19.94
Fittest 419
x: [-.01,.01,1.85,-1.85,2.34,-2.34,.0,1.09,-1.09,-1.16,1.16,];
y: [1.21,1.21,1.76,1.76,-1.98,-1.98,1.3,-.93,-.93,-.06,-.06,];
19.94
Fittest 420
x: [-.01,.01,1.85,-1.85,2.34,-2.34,.0,1.09,-1.09,-1.16,1.16,];
y: [1.21,1.21,1.76,1.76,-1.98,-1.98,1.3,-.93,-.93,-.06,-.06,];
19.94
Fittest 421
x: [-.01,.01,1.85,-1.85,2.34,-2.34,.0,1.09,-1.09,-1.16,1.16,];
y: [1.21,1.21,1.76,1.76,-1.98,-1.98,1.3,-.93,-.93,-.06,-.06,];
19.94
Fittest 422
x: [-.01,.01,1.85,-1.85,2.34,-2.34,.0,1.09,-1.09,-1.16,1.16,];
y: [1.21,1.21,1.76,1.76,-1.98,-1.98,1.3,-.93,-.93,-.06,-.06,];
19.94
Fittest 423
x: [-.01,.01,1.85,-1.85,2.34,-2.34,.0,1.09,-1.09,-1.16,1.16,];
y: [1.21,1.21,1.76,1.76,-1.98,-1.98,1.3,-.93,-.93,-.06,-.06,];
19.94
Fittest 424
x: [-.01,.01,1.85,-1.85,2.34,-2.34,.0,1.09,-1.09,-1.16,1.16,];
y: [1.21,1.21,1.76,1.76,-1.98,-1.98,1.3,-.93,-.93,-.06,-.06,];
19.94
Fittest 425
x: [-.01,.01,1.85,-1.85,2.34,-2.34,.0,1.09,-1.09,-1.16,1.16,];
y: [1.21,1.21,1.76,1.76,-1.98,-1.98,1.3,-.93,-.93,-.06,-.06,];
19.94
Fittest 426
x: [-.01,.01,1.85,-1.85,2.34,-2.34,.0,1.09,-1.09,-1.16,1.16,];
y: [1.21,1.21,1.76,1.76,-1.98,-1.98,1.3,-.93,-.93,-.06,-.06,];
19.94
Fittest 427
x: [-.01,.01,1.85,-1.85,2.34,-2.34,.0,1.09,-1.09,-1.16,1.16,];
y: [1.21,1.21,1.76,1.76,-1.98,-1.98,1.3,-.93,-.93,-.06,-.06,];
19.94
Fittest 428
x: [-.01,.01,1.85,-1.85,2.34,-2.34,.0,1.09,-1.09,-1.16,1.16,];
y: [1.21,1.21,1.76,1.76,-1.98,-1.98,1.3,-.93,-.93,-.06,-.06,];
19.94
Fittest 429
x: [-.01,.01,1.85,-1.85,2.34,-2.34,.0,1.09,-1.09,-1.16,1.16,];
y: [1.21,1.21,1.76,1.76,-1.98,-1.98,1.3,-.93,-.93,-.06,-.06,];
19.94
Fittest 430
x: [-.01,.01,1.85,-1.85,2.34,-2.34,.0,1.09,-1.09,-1.16,1.16,];
y: [1.21,1.21,1.76,1.76,-1.98,-1.98,1.3,-.93,-.93,-.06,-.06,];
19.94
Fittest 431
x: [-.01,.01,1.85,-1.85,2.34,-2.34,.0,1.09,-1.09,-1.16,1.16,];
y: [1.21,1.21,1.76,1.76,-1.98,-1.98,1.3,-.93,-.93,-.06,-.06,];
19.94
Fittest 432
x: [-.01,.01,1.85,-1.85,2.34,-2.34,.0,1.09,-1.09,-1.16,1.16,];
y: [1.21,1.21,1.76,1.76,-1.98,-1.98,1.3,-.93,-.93,-.06,-.06,];
19.94
Fittest 433
x: [-.01,.01,1.85,-1.85,2.34,-2.34,.0,1.09,-1.09,-1.16,1.16,];
y: [1.21,1.21,1.76,1.76,-1.98,-1.98,1.3,-.93,-.93,-.06,-.06,];
19.94
Fittest 434
x: [-.01,.01,1.85,-1.85,2.34,-2.34,.0,1.09,-1.09,-1.16,1.16,];
y: [1.21,1.21,1.76,1.76,-1.98,-1.98,1.3,-.93,-.93,-.06,-.06,];
19.94
Fittest 435
x: [-.01,.01,1.85,-1.85,2.34,-2.34,.0,1.09,-1.09,-1.16,1.16,];
y: [1.21,1.21,1.76,1.76,-1.98,-1.98,1.3,-.93,-.93,-.06,-.06,];
19.94
Fittest 436
x: [-.01,.01,1.85,-1.85,2.34,-2.34,.0,1.09,-1.09,-1.16,1.16,];
y: [1.21,1.21,1.76,1.76,-1.98,-1.98,1.3,-.93,-.93,-.06,-.06,];
19.94
Fittest 437
x: [-.01,.01,1.85,-1.85,2.34,-2.34,.0,1.09,-1.09,-1.16,1.16,];
y: [1.21,1.21,1.76,1.76,-1.98,-1.98,1.3,-.93,-.93,-.06,-.06,];
19.94
Fittest 438
x: [-.01,.01,1.85,-1.85,2.34,-2.34,.0,1.09,-1.09,-1.16,1.16,];
y: [1.21,1.21,1.76,1.76,-1.98,-1.98,1.3,-.93,-.93,-.06,-.06,];
19.94
Fittest 439
x: [-.01,.01,1.85,-1.85,2.34,-2.34,.0,1.09,-1.09,-1.16,1.16,];
y: [1.21,1.21,1.76,1.76,-1.98,-1.98,1.3,-.93,-.93,-.06,-.06,];
19.94
Fittest 440
x: [-.01,.01,1.85,-1.85,2.34,-2.34,.0,1.09,-1.09,-1.16,1.16,];
y: [1.21,1.21,1.76,1.76,-1.98,-1.98,1.3,-.93,-.93,-.06,-.06,];
19.94
Fittest 441
x: [-.01,.01,1.85,-1.85,2.34,-2.34,.0,1.09,-1.09,-1.16,1.16,];
y: [1.21,1.21,1.76,1.76,-1.98,-1.98,1.3,-.93,-.93,-.06,-.06,];
19.94
Fittest 442
x: [-.01,.01,1.85,-1.85,2.34,-2.34,.0,1.09,-1.09,-1.16,1.16,];
y: [1.21,1.21,1.76,1.76,-1.98,-1.98,1.3,-.93,-.93,-.06,-.06,];
19.94
Fittest 443
x: [-.01,.01,1.85,-1.85,2.34,-2.34,.0,1.09,-1.09,-1.16,1.16,];
y: [1.21,1.21,1.76,1.76,-1.98,-1.98,1.3,-.93,-.93,-.06,-.06,];
19.94
Fittest 444
x: [-.01,.01,1.85,-1.85,2.34,-2.34,.0,1.09,-1.09,-1.16,1.16,];
y: [1.21,1.21,1.76,1.76,-1.98,-1.98,1.3,-.93,-.93,-.06,-.06,];
19.94
Fittest 445
x: [-.01,.01,1.85,-1.85,2.34,-2.34,.0,1.09,-1.09,-1.16,1.16,];
y: [1.21,1.21,1.76,1.76,-1.98,-1.98,1.3,-.93,-.93,-.06,-.06,];
19.94
Fittest 446
x: [-.01,.01,1.85,-1.85,2.34,-2.34,.0,1.09,-1.09,-1.16,1.16,];
y: [1.21,1.21,1.76,1.76,-1.98,-1.98,1.3,-.93,-.93,-.06,-.06,];
19.94
Fittest 447
x: [-.01,.01,1.85,-1.85,2.34,-2.34,.0,1.09,-1.09,-1.16,1.16,];
y: [1.21,1.21,1.76,1.76,-1.98,-1.98,1.3,-.93,-.93,-.06,-.06,];
19.94
Fittest 448
x: [-.01,.01,1.85,-1.85,2.34,-2.34,.0,1.09,-1.09,-1.16,1.16,];
y: [1.21,1.21,1.76,1.76,-1.98,-1.98,1.3,-.93,-.93,-.06,-.06,];
19.94
Fittest 449
x: [-.01,.01,1.85,-1.85,2.34,-2.34,.0,1.09,-1.09,-1.16,1.16,];
y: [1.21,1.21,1.76,1.76,-1.98,-1.98,1.3,-.93,-.93,-.06,-.06,];
19.94
Fittest 450
x: [-.01,.01,1.85,-1.85,2.34,-2.34,.0,1.09,-1.09,-1.16,1.16,];
y: [1.21,1.21,1.76,1.76,-1.98,-1.98,1.3,-.93,-.93,-.06,-.06,];
19.94
Fittest 451
x: [-.01,.01,1.85,-1.85,2.34,-2.34,.0,1.09,-1.09,-1.16,1.16,];
y: [1.21,1.21,1.76,1.76,-1.98,-1.98,1.3,-.93,-.93,-.06,-.06,];
19.94
Fittest 452
x: [-.01,.01,1.85,-1.85,2.34,-2.34,.0,1.09,-1.09,-1.11,1.11,];
y: [1.21,1.21,1.76,1.76,-1.98,-1.98,1.3,-.93,-.93,-.01,-.01,];
19.94
Fittest 453
x: [-.01,.01,1.85,-1.85,2.34,-2.34,.0,1.09,-1.09,-1.11,1.11,];
y: [1.21,1.21,1.76,1.76,-1.98,-1.98,1.3,-.93,-.93,-.01,-.01,];
19.94
Fittest 454
x: [-.01,.01,1.85,-1.85,2.34,-2.34,.0,1.09,-1.09,-1.11,1.11,];
y: [1.21,1.21,1.76,1.76,-1.98,-1.98,1.3,-.93,-.93,-.01,-.01,];
19.94
Fittest 455
x: [-.01,.01,1.85,-1.85,2.34,-2.34,.0,1.09,-1.09,-1.11,1.11,];
y: [1.21,1.21,1.76,1.76,-1.98,-1.98,1.3,-.93,-.93,-.01,-.01,];
19.94
Fittest 456
x: [-.01,.01,1.85,-1.85,2.34,-2.34,.0,1.09,-1.09,-1.11,1.11,];
y: [1.21,1.21,1.76,1.76,-1.98,-1.98,1.3,-.93,-.93,-.01,-.01,];
19.94
Fittest 457
x: [-.01,.01,1.85,-1.85,2.34,-2.34,.0,1.09,-1.09,-1.11,1.11,];
y: [1.21,1.21,1.76,1.76,-1.98,-1.98,1.3,-.93,-.93,-.01,-.01,];
19.94
Fittest 458
x: [-.01,.01,1.85,-1.85,2.34,-2.34,.0,1.09,-1.09,-1.11,1.11,];
y: [1.21,1.21,1.76,1.76,-1.98,-1.98,1.3,-.93,-.93,-.01,-.01,];
19.94
Fittest 459
x: [-.01,.01,1.85,-1.85,2.34,-2.34,.0,1.09,-1.09,-1.11,1.11,];
y: [1.21,1.21,1.76,1.76,-1.98,-1.98,1.3,-.93,-.93,-.01,-.01,];
19.94
Fittest 460
x: [-.01,.01,1.85,-1.85,2.34,-2.34,.0,1.09,-1.09,-1.11,1.11,];
y: [1.21,1.21,1.76,1.76,-1.98,-1.98,1.3,-.93,-.93,-.01,-.01,];
19.94
Fittest 461
x: [-.01,.01,1.85,-1.85,2.34,-2.34,.0,1.09,-1.09,-1.11,1.11,];
y: [1.21,1.21,1.76,1.76,-1.98,-1.98,1.3,-.93,-.93,-.01,-.01,];
19.94
Fittest 462
x: [-.01,.01,1.85,-1.85,2.34,-2.34,.0,1.09,-1.09,-1.11,1.11,];
y: [1.21,1.21,1.76,1.76,-1.98,-1.98,1.3,-.93,-.93,-.01,-.01,];
19.94
Fittest 463
x: [-.01,.01,1.85,-1.85,2.34,-2.34,.0,1.09,-1.09,-1.11,1.11,];
y: [1.21,1.21,1.76,1.76,-1.98,-1.98,1.3,-.93,-.93,-.01,-.01,];
19.94
Fittest 464
x: [-.01,.01,1.85,-1.85,2.34,-2.34,.0,1.09,-1.09,-1.11,1.11,];
y: [1.21,1.21,1.76,1.76,-1.98,-1.98,1.3,-.93,-.93,-.01,-.01,];
19.94
Fittest 465
x: [-.01,.01,1.85,-1.85,2.34,-2.34,.0,1.09,-1.09,-1.11,1.11,];
y: [1.21,1.21,1.76,1.76,-1.98,-1.98,1.3,-.93,-.93,-.01,-.01,];
19.94
Fittest 466
x: [-.01,.01,1.85,-1.85,2.34,-2.34,.0,1.09,-1.09,-1.11,1.11,];
y: [1.21,1.21,1.76,1.76,-1.98,-1.98,1.3,-.93,-.93,-.01,-.01,];
19.94
Fittest 467
x: [-.01,.01,1.85,-1.85,2.34,-2.34,.0,1.09,-1.09,-1.11,1.11,];
y: [1.21,1.21,1.76,1.76,-1.98,-1.98,1.3,-.93,-.93,-.01,-.01,];
19.94
Fittest 468
x: [-.01,.01,1.85,-1.85,2.34,-2.34,.0,1.09,-1.09,-1.11,1.11,];
y: [1.21,1.21,1.76,1.76,-1.98,-1.98,1.3,-.93,-.93,-.01,-.01,];
19.94
Fittest 469
x: [-.01,.01,1.85,-1.85,2.34,-2.34,.0,1.09,-1.09,-1.11,1.11,];
y: [1.21,1.21,1.76,1.76,-1.98,-1.98,1.3,-.93,-.93,-.01,-.01,];
19.94
Fittest 470
x: [-.01,.01,1.85,-1.85,2.34,-2.34,.0,1.09,-1.09,-1.11,1.11,];
y: [1.21,1.21,1.76,1.76,-1.98,-1.98,1.3,-.93,-.93,-.01,-.01,];
19.94
Fittest 471
x: [-.01,.01,1.85,-1.85,2.34,-2.34,.0,1.09,-1.09,-1.11,1.11,];
y: [1.21,1.21,1.76,1.76,-1.98,-1.98,1.3,-.93,-.93,-.01,-.01,];
19.94
Fittest 472
x: [-.01,.01,1.85,-1.85,2.34,-2.34,.0,1.09,-1.09,-1.11,1.11,];
y: [1.21,1.21,1.76,1.76,-1.98,-1.98,1.3,-.93,-.93,-.01,-.01,];
19.94
Fittest 473
x: [-.01,.01,1.85,-1.85,2.34,-2.34,.0,1.09,-1.09,-1.11,1.11,];
y: [1.21,1.21,1.76,1.76,-1.98,-1.98,1.3,-.93,-.93,-.01,-.01,];
19.94
Fittest 474
x: [-.01,.01,1.85,-1.85,2.34,-2.34,.0,1.09,-1.09,-1.11,1.11,];
y: [1.21,1.21,1.76,1.76,-1.98,-1.98,1.3,-.93,-.93,-.01,-.01,];
19.94
Fittest 475
x: [-.01,.01,1.85,-1.85,2.34,-2.34,.0,1.09,-1.09,-1.11,1.11,];
y: [1.21,1.21,1.76,1.76,-1.98,-1.98,1.3,-.93,-.93,-.01,-.01,];
19.94
Fittest 476
x: [-.01,.01,1.85,-1.85,2.34,-2.34,.0,1.09,-1.09,-1.11,1.11,];
y: [1.21,1.21,1.76,1.76,-1.98,-1.98,1.3,-.93,-.93,-.01,-.01,];
19.94
Fittest 477
x: [-.01,.01,1.85,-1.85,2.34,-2.34,.0,1.09,-1.09,-1.11,1.11,];
y: [1.21,1.21,1.76,1.76,-1.98,-1.98,1.3,-.93,-.93,-.01,-.01,];
19.94
Fittest 478
x: [-.01,.01,1.85,-1.85,2.34,-2.34,.0,1.09,-1.09,-1.11,1.11,];
y: [1.21,1.21,1.76,1.76,-1.98,-1.98,1.3,-.93,-.93,-.01,-.01,];
19.94
Fittest 479
x: [-.01,.01,1.85,-1.85,2.34,-2.34,.0,1.09,-1.09,-1.11,1.11,];
y: [1.21,1.21,1.76,1.76,-1.98,-1.98,1.3,-.93,-.93,-.01,-.01,];
19.94
Fittest 480
x: [-.01,.01,1.85,-1.85,2.34,-2.34,.0,1.09,-1.09,-1.11,1.11,];
y: [1.21,1.21,1.76,1.76,-1.98,-1.98,1.3,-.93,-.93,-.01,-.01,];
19.94
Fittest 481
x: [-.01,.01,1.85,-1.85,2.34,-2.34,.0,1.09,-1.09,-1.11,1.11,];
y: [1.21,1.21,1.76,1.76,-1.98,-1.98,1.3,-.93,-.93,-.01,-.01,];
19.94
Fittest 482
x: [-.01,.01,1.85,-1.85,2.34,-2.34,.0,1.09,-1.09,-1.11,1.11,];
y: [1.21,1.21,1.76,1.76,-1.98,-1.98,1.3,-.93,-.93,-.01,-.01,];
19.94
Fittest 483
x: [-.01,.01,1.85,-1.85,2.34,-2.34,.0,1.09,-1.09,-1.11,1.11,];
y: [1.21,1.21,1.76,1.76,-1.98,-1.98,1.3,-.93,-.93,-.01,-.01,];
19.94
Fittest 484
x: [-.01,.01,1.85,-1.85,2.34,-2.34,.0,1.09,-1.09,-1.11,1.11,];
y: [1.21,1.21,1.76,1.76,-1.98,-1.98,1.3,-.93,-.93,-.01,-.01,];
19.94
Fittest 485
x: [-.01,.01,1.85,-1.85,2.34,-2.34,.0,1.09,-1.09,-1.11,1.11,];
y: [1.21,1.21,1.76,1.76,-1.98,-1.98,1.3,-.93,-.93,-.01,-.01,];
19.94
Fittest 486
x: [-.01,.01,1.85,-1.85,2.34,-2.34,.0,1.09,-1.09,-1.11,1.11,];
y: [1.21,1.21,1.76,1.76,-1.98,-1.98,1.3,-.93,-.93,-.01,-.01,];
19.94
Fittest 487
x: [-.01,.01,1.85,-1.85,2.34,-2.34,.0,1.09,-1.09,-1.11,1.11,];
y: [1.21,1.21,1.76,1.76,-1.98,-1.98,1.3,-.93,-.93,-.01,-.01,];
19.94
Fittest 488
x: [-.01,.01,1.85,-1.85,2.34,-2.34,.0,1.09,-1.09,-1.11,1.11,];
y: [1.21,1.21,1.76,1.76,-1.98,-1.98,1.3,-.93,-.93,-.01,-.01,];
19.94
Fittest 489
x: [-.01,.01,1.85,-1.85,2.34,-2.34,.0,1.09,-1.09,-1.11,1.11,];
y: [1.21,1.21,1.76,1.76,-1.98,-1.98,1.3,-.93,-.93,-.01,-.01,];
19.94
